(44, 8)
1.0000000000000104
-0.9999999999999795
0.0
0.0
0.0
0.0
0.0
0.0
0.0
0.0
0.0
0.0
0.0
0.0
0.0
0.0
1.0000000000000133
-1.0000000000000102
0.0
0.0
0.0
0.0
0.0
0.0
0.0
0.0
0.0
0.0
0.0
0.0
0.0
0.0
0.0
0.0
0.0
0.0
0.0
0.0
0.0
0.0
0.0
0.0
0.0
0.0
0.0
0.0
1.0000000000000027
-1.0000000000000184
0.0
0.0
0.0
0.0
0.0
0.0
0.0
0.0
0.0
0.0
0.0
0.0
0.0
0.0
1.0000000000000069
-1.0000000000000135
0.0
0.0
0.0
0.0
0.0
0.0
0.0
0.0
1.0000000000000213
-0.99999999999998
0.9999999999999974
-0.9999999999999909
0.9999999999999897
-0.9999999999999779
1.0000000000000195
-0.9999999999999997
-1.0000000000000044
0.9999999999999954
-1.0000000000000102
0.999999999999998
-0.9999999999999821
0.9999999999999877
-0.9999999999999956
0.9999999999999787
0.0
0.0
0.0
0.0
1.0000000000000013
-0.9999999999999966
0.0
0.0
0.0
0.0
0.0
0.0
0.0
0.0
0.0
0.0
-1.0000000000000027
1.0000000000000198
0.0
0.0
1.0000000000000095
-0.9999999999999861
0.0
0.0
0.0
0.0
0.0
0.0
0.0
0.0
0.0
0.0
0.0
0.0
0.0
0.0
0.0
0.0
0.0
0.0
0.0
0.0
0.0
0.0
0.0
0.0
0.0
0.0
0.0
0.0
0.9999999999999902
-0.9999999999999801
0.0
0.0
0.0
0.0
0.0
0.0
0.0
0.0
0.0
0.0
-1.0000000000000104
1.0000000000000142
0.0
0.0
1.0000000000000135
-0.9999999999999916
0.0
0.0
0.0
0.0
0.0
0.0
0.9999999999999952
-0.9999999999999999
0.9999999999999851
-1.0000000000000147
0.9999999999999997
-0.9999999999999908
0.0
0.0
-0.999999999999998
1.0000000000000187
-0.9999999999999873
0.9999999999999815
-1.0000000000000127
1.0000000000000113
0.0
0.0
0.0
0.0
0.0
0.0
0.0
0.0
1.0000000000000082
-1.0000000000000202
0.0
0.0
0.0
0.0
0.0
0.0
0.0
0.0
0.0
0.0
-1.0000000000000022
0.999999999999981
0.0
0.0
0.9999999999999828
-0.9999999999999921
0.0
0.0
0.0
0.0
0.0
0.0
0.0
0.0
0.0
0.0
0.0
0.0
0.0
0.0
0.0
0.0
0.0
0.0
0.0
0.0
0.0
0.0
0.0
0.0
0.0
0.0
0.0
0.0
0.9999999999999996
-0.9999999999999879
0.0
0.0
0.0
0.0
0.0
0.0
0.0
0.0
0.0
0.0
-0.9999999999999978
1.0000000000000129
0.0
0.0
1.0000000000000047
-1.0000000000000002
0.0
0.0
0.0
0.0
1.0000000000000064
-0.9999999999999933
1.000000000000008
-0.9999999999999792
0.0
0.0
0.0
0.0
-1.0000000000000002
0.9999999999999858
-0.9999999999999841
0.9999999999999823
0.0
0.0
0.0
0.0
0.0
0.0
0.0
0.0
0.0
0.0
0.0
0.0
0.9999999999999916
-1.0000000000000033
0.0
0.0
0.0
0.0
0.0
0.0
0.0
0.0
0.0
0.0
-1.000000000000015
1.0000000000000204
0.0
0.0
0.0
0.0
0.0
0.0
0.0
0.0
0.0
0.0
0.0
0.0
0.0
0.0
0.0
0.0
0.0
0.0
0.0
0.0
0.0
0.0
0.0
0.0
0.0
0.0
0.0
0.0
0.0
0.0
0.0
0.0
1.0000000000000118
-1.0000000000000029
0.0
0.0
0.0
0.0
0.0
0.0
0.0
0.0
0.0
0.0
-0.9999999999999934
0.9999999999999852
0.0
0.0
0.0
0.0
0.0
0.0
1.0000000000000122
-0.9999999999999928
0.0
0.0
0.0
0.0
0.0
0.0
-0.9999999999999868
1.0000000000000142
