(44,)
0.0
-938.6915102244598
0.0
-403.72438850382554
0.0
-938.6915102244387
0.0
-403.7243885038307
0.0
-938.6915102244526
0.0
-403.7243885038307
0.0
-938.6915102244454
0.0
-403.7243885038389
-938.691510224467
-938.6915102244311
-403.7243885038237
-403.7243885038225
-938.6915102244501
-938.6915102244446
-403.724388503838
-403.7243885038246
-938.6915102244686
-938.6915102244513
-403.724388503823
-403.72438850382696
-125.00000000000175
-125.00000000000108
-125.00000000000003
-124.99999999999908
-125.00000000000125
-124.9999999999983
-124.99999999999754
-124.9999999999993
-124.99999999999903
-124.99999999999845
-124.99999999999753
-125.00000000000017
-124.999999999998
-125.00000000000149
-124.99999999999882
-125.00000000000128
