(44, 8)
1.8500000000000194
-1.0499999999999785
0.0
0.0
0.0
0.0
0.0
0.0
0.0
0.0
0.0
0.0
0.0
0.0
0.0
0.0
1.9200000000000255
-1.5100000000000153
0.0
0.0
0.0
0.0
0.0
0.0
0.0
0.0
0.0
0.0
0.0
0.0
0.0
0.0
0.0
0.0
0.0
0.0
0.0
0.0
0.0
0.0
0.0
0.0
0.0
0.0
0.0
0.0
1.3800000000000037
-1.9600000000000362
0.0
0.0
0.0
0.0
0.0
0.0
0.0
0.0
0.0
0.0
0.0
0.0
0.0
0.0
1.9400000000000133
-1.5100000000000204
0.0
0.0
0.0
0.0
0.0
0.0
0.0
0.0
1.0200000000000218
-1.6699999999999666
1.3099999999999967
-1.419999999999987
1.8799999999999806
-1.5799999999999652
1.1500000000000223
-1.7899999999999994
-1.3000000000000058
1.0299999999999954
-1.2100000000000124
1.6899999999999966
-1.0999999999999803
1.6199999999999801
-1.5499999999999932
1.269999999999973
0.0
0.0
0.0
0.0
1.1600000000000015
-1.6599999999999941
0.0
0.0
0.0
0.0
0.0
0.0
0.0
0.0
0.0
0.0
-1.4300000000000037
1.7900000000000353
0.0
0.0
1.3300000000000127
-1.8499999999999743
0.0
0.0
0.0
0.0
0.0
0.0
0.0
0.0
0.0
0.0
0.0
0.0
0.0
0.0
0.0
0.0
0.0
0.0
0.0
0.0
0.0
0.0
0.0
0.0
0.0
0.0
0.0
0.0
1.4199999999999862
-1.9799999999999607
0.0
0.0
0.0
0.0
0.0
0.0
0.0
0.0
0.0
0.0
-1.450000000000015
1.2500000000000178
0.0
0.0
1.3400000000000183
-1.789999999999985
0.0
0.0
0.0
0.0
0.0
0.0
1.249999999999994
-1.5999999999999999
1.289999999999981
-1.090000000000016
1.6499999999999995
-1.6799999999999844
0.0
0.0
-1.2999999999999974
1.6300000000000303
-1.6199999999999797
1.8099999999999665
-1.6100000000000205
1.4600000000000164
0.0
0.0
0.0
0.0
0.0
0.0
0.0
0.0
1.0600000000000087
-1.2300000000000249
0.0
0.0
0.0
0.0
0.0
0.0
0.0
0.0
0.0
0.0
-1.9700000000000044
1.4999999999999716
0.0
0.0
1.3499999999999768
-1.8199999999999856
0.0
0.0
0.0
0.0
0.0
0.0
0.0
0.0
0.0
0.0
0.0
0.0
0.0
0.0
0.0
0.0
0.0
0.0
0.0
0.0
0.0
0.0
0.0
0.0
0.0
0.0
0.0
0.0
1.7599999999999991
-1.4399999999999826
0.0
0.0
0.0
0.0
0.0
0.0
0.0
0.0
0.0
0.0
-1.359999999999997
1.310000000000017
0.0
0.0
1.280000000000006
-1.6600000000000004
0.0
0.0
0.0
0.0
1.7900000000000116
-1.799999999999988
1.870000000000015
-1.2099999999999749
0.0
0.0
0.0
0.0
-1.7300000000000004
1.9899999999999718
-1.379999999999978
1.9399999999999658
0.0
0.0
0.0
0.0
0.0
0.0
0.0
0.0
0.0
0.0
0.0
0.0
1.7299999999999853
-1.2500000000000042
0.0
0.0
0.0
0.0
0.0
0.0
0.0
0.0
0.0
0.0
-1.8700000000000283
1.7900000000000367
0.0
0.0
0.0
0.0
0.0
0.0
0.0
0.0
0.0
0.0
0.0
0.0
0.0
0.0
0.0
0.0
0.0
0.0
0.0
0.0
0.0
0.0
0.0
0.0
0.0
0.0
0.0
0.0
0.0
0.0
0.0
0.0
1.380000000000016
-1.6600000000000048
0.0
0.0
0.0
0.0
0.0
0.0
0.0
0.0
0.0
0.0
-1.6399999999999892
1.2099999999999822
0.0
0.0
0.0
0.0
0.0
0.0
1.890000000000023
-1.37999999999999
0.0
0.0
0.0
0.0
0.0
0.0
-1.1899999999999842
1.3600000000000194
