(44,)
0.0
-1642.7101428928045
0.0
-524.8417050549732
0.0
-1239.0727934962592
0.0
-799.3742892375848
0.0
-1201.5251330872993
0.0
-718.6294115368187
0.0
-1577.0017371770682
0.0
-678.2569726864493
-1689.6447184040408
-1867.996105346618
-528.8789489400091
-540.9906805951222
-1286.0073690074967
-1295.3942841097335
-637.8845338360641
-593.4748511006222
-1248.4597085985433
-1652.0970579950344
-464.2830467793964
-415.83612015894175
-141.25000000000196
-190.00000000000165
-168.75000000000006
-239.9999999999982
-216.25000000000216
-177.49999999999756
-181.24999999999642
-203.74999999999886
-222.4999999999983
-183.74999999999773
-166.24999999999673
-166.25000000000023
-198.74999999999682
-245.00000000000293
-132.49999999999875
-181.25000000000185
