100 6.24e+04 6.083354024644340718e-01
1.172626388318407439e-16
1.379794141529701015e-15
-4.382357081065774170e-16
4.819878450173650394e-15
-6.230589202060904697e-13
1.455313588354576495e+03
-4.095483210524613060e-01
2.337897958460013941e-14
-4.000307174408159749e-01
3.685598750312323035e-02
-2.290283393939764878e+00
2.211455845221694250e-01
-6.275499938815185757e-18
-2.694810333089317396e-15
2.651243661777194162e-15
-6.054473324668547818e-01
-6.403043450345258564e-17
-3.030355725341230055e+01
1.870892380250658960e+00
6.060462941206673329e-16
3.444498337277270413e-16
-2.447004844744173369e+01
-2.380537098709907262e-01
-5.967766234023024481e+03
1.016029696020350778e-17
3.824217069150035513e+03
-1.001220799105283409e-17
4.538048089031203867e-17
4.645624892990019248e+02
1.864194549636262937e-16
-4.840168560166715483e-01
4.886978041688364982e+01
5.421413709079803311e+01
3.159610056394736521e-19
-4.834215899078414758e+00
3.758413253360956552e-02
3.976100786190133931e+02
-1.262154682747004131e+01
5.045351040555718332e-19
-3.537907667445007481e-18
3.912060665160056514e-15
3.891936296875097412e+01
-1.959699519981581637e-18
-1.265279947625996797e-17
3.733570766081499404e+00
5.168716193651391004e-16
8.162590175620628941e+00
-1.140191893465356401e+02
-1.883431075468407188e-15
-7.909300495077235815e-02
-5.542588296270933057e+01
-7.449422582427131902e-20
-6.097622692411334182e-18
1.131585014423431517e+02
-1.426283159754207546e-13
-2.999478894684532104e+00
-6.250267116477123331e-16
-9.969109436147196135e+00
1.019314581179446293e+02
-1.998616899593732569e+03
2.828812119155609928e+00
4.417606327127474299e-13
4.764726052306023973e+00
-9.710942260440595745e-17
-2.309601888389936425e-16
1.735059089309316386e-16
-3.011363168209570828e-16
3.618618988264214725e-17
-1.439371776569492939e-18
-4.468304852174662223e+00
4.735487784143534865e-18
1.342243879976619070e+01
-1.743763120807897948e+01
-1.172457866444426075e-19
-3.437661720882445593e-02
-2.383333322551060007e-01
-7.855672565674081290e-15
-1.553009666062545868e+01
8.988743274032177717e-17
-1.087162069083255744e+01
-1.635465555811496287e-13
1.134837950164608600e+01
1.475389159092404634e-17
-2.657967491194603363e-15
1.242903813846058074e+04
-4.844741498978419258e+01
-1.042218942693801864e+01
3.434180082511776866e-01
5.632373483204257365e-14
4.051499956971467406e-16
1.252544457997335013e-15
-3.725468437421548626e-17
-1.220633134219137883e-01
-2.413172856383930243e-16
5.472273054134943138e+00
-8.324713863688995019e+00
-1.063803957410425210e+04
-1.605214254688432216e-15
-5.650902115362395594e-15
-1.719157196615177050e-17
