100 9.52e+29 -4.689693596741413839e-01
2.636722074826898752e+05
1.606323899448058605e+08
1.675787495677567719e-08
-3.454446846248482913e+07
2.025615618734468316e-04
-3.325014649140625000e+09
-1.074648836511980440e-04
7.459027615421749961e-15
5.447627046890401043e-11
1.732583004483403337e-04
1.026980945741111183e+10
2.270093310961742659e-09
-2.770200706544019174e+26
-1.650476569370446001e+01
-6.644474447770851135e+09
-1.232087794228403829e+06
2.480785902686743652e+12
-6.331008307564685156e+13
-1.280527601115206016e+04
1.679063756174823254e+02
-3.300839320494500790e-10
6.133522129101257015e-15
1.939644788253715120e-11
9.836801111020559692e-12
-2.957692396286991882e+10
1.303455817334306488e+11
3.848315672802629706e+04
9.428132770162906527e-09
-5.747323073914976256e+18
-6.024650199218434100e-06
2.421554523012919076e-08
1.777885235750491375e-09
-1.424113532694959766e+13
-2.579906156189472767e+03
1.023056713858671571e+02
-2.185603034907815186e+12
1.847793682184343262e+11
-6.705965439297031927e-02
-4.507074021558679650e-16
-3.071893435904909410e-04
-3.789919846300303429e-13
-6.548185319164014109e-13
-1.681346077401882866e+01
3.886750479647709542e+26
2.148853089662366989e-03
7.003480609078873794e-15
2.366827167276822986e-06
-9.865482503183590400e+16
-2.814440459545383866e+27
-1.707224091708053979e-11
-1.383925077430999936e-13
-5.391344560725801086e+10
-1.010045096535146800e-16
1.218489197328398177e+02
5.637471460449723527e+05
1.209885486323617627e-13
1.851542929981843948e+09
7.713823105365651145e+01
8.884350227036565551e-07
1.956846951410410338e-11
1.180202222849689424e+05
2.288765130291624919e-16
-7.593269474024878125e+13
4.826282234288172722e+08
9.332486862795223715e+03
-6.445364293117904708e+00
6.809083039462430168e-08
-9.714124806099818945e+08
-6.288473291581496705e-01
2.227450020701868587e+29
-6.077520694038461804e-13
-1.003227895678533795e-17
-1.555973060989099693e+10
-1.645769356311913086e+12
3.968492488812210006e-03
-7.119202953290061749e-07
8.311445787607706152e+05
-8.384841209865465065e-16
-2.505749027654674245e-18
-2.011028104471696913e+07
6.072440108517098680e-12
2.015453388921902178e+00
-3.058515978936141113e+12
-6.781026055247738604e+00
4.204758777346335324e-02
-2.687936399259541297e+25
2.906423047028061451e-06
-2.907142705443367930e-05
1.925730664339036215e+06
-1.379534633742802344e+13
-2.200153372181148982e+29
3.652386537918294866e-12
2.788689027701913801e+03
-7.669710803218256602e-07
-3.425665939292134476e+10
4.558515071719299257e+07
5.181230495396576691e+10
2.458101180228326935e+06
4.280790941180937500e+12
1.794801509097432250e+15
