100 9.36e+11 -4.034150854910872330e-01
-1.203580206805246640e-05
-1.466651429988519230e+05
3.452061190189407966e+02
-1.018044709541717247e-12
-2.858954444806545148e-01
1.615214324976954304e-18
-3.906346818592827395e-15
2.426635246424796935e-14
-6.754677857588412387e-14
2.457131355975287813e-14
9.062259405193005080e+01
-2.173419738265280898e-02
2.175170987720319772e+03
-1.687623137615690807e-13
-2.402405796288775974e+01
2.872235236272545425e-18
-4.219368696622412244e+03
-6.306392647652876377e+08
-7.810816896201017800e-15
-3.622510677947631119e-14
-1.055054212633690440e+03
2.274059863860619828e+02
1.091098016396426829e+02
3.858926478442137320e-01
-4.634198832489296005e-13
-5.666197269564813690e-19
3.219823841248360969e-15
-1.400577879313853771e+02
-2.680552221169002855e-16
-1.881512182135304871e+11
-1.769314417274173330e-09
-1.060227929791312454e+04
-9.857078757521763444e+06
-1.402703707871191227e+03
2.110082568261444067e+03
-5.702101751503830821e-12
-7.398827464180461111e-16
4.638578567138982335e-18
6.096943935346615333e-19
7.604029417036873699e-18
4.563376258791970904e+05
-2.175365850657955402e+00
6.434372679973713780e-09
4.177259737945444438e-11
-1.030452809146712313e-05
6.751777094213747187e+05
1.827300047887755741e-01
3.490200497295832157e+09
-5.669141772455538747e-15
5.578624958172523194e-08
-1.443641576340454549e-02
4.624764897673788562e-15
1.779007253550802590e+06
-5.599122189436013120e-16
4.535846258003006919e-16
8.704808296595509191e-11
3.207147331983501317e+02
9.955167022610740736e+06
3.868296634435896575e+07
2.178921039052030072e+06
1.306350704445193378e-08
-3.067004960709668179e-15
7.151748939121023163e-01
3.668442600705102198e-11
7.853704259786272246e+01
-2.211645957461456012e-09
-8.821330749304257155e-10
-1.482746320674120100e-01
4.562450838350621052e+04
4.620406377362957073e+01
-4.255865538769792209e-15
1.073536311012698340e-12
-1.048040513867659070e-13
-4.699718827572073870e-17
-8.256065894271783583e-16
-5.203240305987681132e-18
-1.140202343034377321e+02
9.886583951161085349e-01
-4.213367410218269670e-17
1.819990049386820408e+00
1.958468350723179868e-11
-3.353831027702591382e+05
1.156446364639246225e+09
-1.845786772585089253e+01
-4.308547871894983246e+02
5.778643676519563610e-10
-1.980305626960843056e+07
-1.139760132229538385e+03
-4.949443430217314017e+04
2.758955666740842626e-15
-1.517544026135096894e-11
7.096820256524413946e-09
1.838091676437371216e+11
-1.519981609389145160e+04
4.048082840968140966e-16
2.169114024541262324e+02
3.024900788599132895e+08
-3.761450330381162161e-14
-5.450948796730736845e+00
2.401787201887486890e-17
