100 8.93e+24 -6.191706768794398297e-01
2.171703240603960126e+02
4.799518770419074826e+03
8.804084798826173937e+04
-2.934830416899792850e+06
-5.866510224190017123e-08
-4.883770263284080029e+08
-5.197230119629313704e+05
-2.070759296807289836e-14
-5.769826611479439862e+02
-8.007691849100089166e+05
5.458104201688616968e+02
6.288675294386360272e-10
-2.835429391075622082e+09
-2.325101898590151873e-07
2.721238657997380184e-01
-2.005957955671990290e+06
4.796838854075707627e-13
-2.144015892532786665e-17
4.951426968233135995e+01
-1.768012416733630790e-07
2.770408270976690290e-01
-3.254210810591937490e-17
-8.109843001979204887e-11
2.962074848678180938e+00
-1.672023024134784459e-07
1.609202891722956441e-04
4.070635122948836746e-06
1.934102240852879150e+12
3.869031498387157000e-06
-9.701657504993079729e-15
-1.966476800785808594e+13
-1.776617285449144656e-03
-1.631464006724486579e-16
-4.373863843796882778e+07
-1.616868901305646000e+16
1.304831477564671487e+08
-1.170312631753522240e+17
1.529881486690852034e+05
4.199799537357121485e-14
-7.852890829796001695e-16
2.866709688564120029e+01
-7.215702351745409843e+19
-7.535230033406195068e+10
1.635268201901068902e-11
-8.226861592384122778e+05
-2.112639678739929307e-13
5.822801759496651357e+04
6.422249715026362555e-09
-8.323670276511316836e+21
-5.789767091650063757e-02
-2.757033955001654688e+13
-5.098144582188797358e+02
-7.498570658244151673e+03
2.432178910107498169e+10
4.238888849109612600e+22
1.962591269538850350e-14
1.444109948620301072e-11
-2.225966092115707874e+09
1.234760015715147450e-11
1.296867517683664315e-12
3.212931401891748516e-08
-2.754555078947565088e+24
2.938949807860505098e+04
-1.606403139853267074e+08
-2.357177739509484768e+08
-3.263196010091863155e+09
-7.658774893730452881e+11
-8.134493934029531250e+14
3.823375160928064259e-13
4.454534126819893701e-16
2.721810724309849034e+24
-1.234617123073199964e+21
-4.119384395135508470e+00
-3.485952318075591968e-06
-2.793569005374215433e-15
1.585126297193561600e+16
-2.087304643310426465e-12
-3.585028556927537746e+00
-1.820814336994464509e+06
-7.479234647630935332e-18
-1.397122207470300774e+19
-2.997404889583106351e-05
2.079818290461479935e-16
-5.091119738520093131e-07
5.048991661783061863e+04
-2.267327767099442026e-11
1.768110669504483257e+00
-5.521139818836046516e+02
3.407355470579624779e+01
-2.904362645280135244e-11
2.726906936670360155e+06
3.012753986518248084e+01
1.476083746483956929e+03
-8.590090931447429657e+09
4.466742333168371530e-15
6.946194290170399475e+10
1.381977789089526176e+09
8.697960653743737788e-09
-4.454206095879320593e+00
3.299397555609560051e-01
