100 4.78e+17 7.841759957960270366e-01
-4.599447941267777769e-16
2.540908085100214940e-05
-4.022654973344854886e-12
3.712166649163821246e+06
4.415625442980181426e+06
2.368569213013199615e+10
3.768876673100699523e-10
-5.274725381363678724e+07
1.924302902237561046e-11
-1.318802184878846939e-10
1.779252666046663196e-16
-4.696170543940642849e+06
-1.945451885408407238e-15
7.159936314912025427e-09
-5.676092760596295769e-10
1.908006587975789259e+00
-3.558460452498358961e+00
-1.267312683711990565e+08
2.726493576196578488e+03
-1.076761709366288174e-11
-5.426016212443041109e-03
8.361224072063778712e-01
5.467697855480182916e+05
4.411729896085572417e-17
-1.170177184280229099e+00
-1.871627303595296000e+17
-7.862580922544095312e+13
6.709241336383566470e-15
-7.889144064067841100e+01
-1.075249366926350589e-15
-4.785363623490147233e+01
-1.575196863160780867e-15
7.598320846099904769e-13
-5.463690249484423548e+05
5.869911995228861564e-17
-6.474332348495315248e-03
3.094028529127807302e-09
5.230683775694881632e+00
1.881072197694109380e+07
-3.224521386293407201e-17
2.560858477178797443e+00
-8.575732266779375834e+00
-2.859672141081431149e-11
3.446490630892998006e-12
1.873411233933666240e+17
7.934227335979666671e-17
1.946706788649591421e-10
2.318376268043992354e+02
-1.288388518836600127e+01
-3.688595677887935181e+11
-1.040234763231624722e+09
4.101531607622214753e-08
8.616750896538543948e-11
4.218799908996778214e+01
-1.697730212660198362e-15
1.229356701449342504e+00
-2.551254913251638354e+05
3.573375801528329253e+08
2.840714220449919430e-06
-2.408477317742303750e+14
8.078634700122315280e-16
4.755597556525858991e-17
6.004941963353090939e-01
3.541582640141334461e-16
3.676411246903690335e+04
-1.182384051412861481e+11
-1.336003606730539307e+12
1.059267318136038512e+02
-9.141735541201201158e+02
-3.545770464773853343e-17
2.209027383364934655e-12
-3.931365395585299848e+04
-1.144793912875462921e-02
-1.814119284182455829e-15
-5.909336043461997178e+04
3.907684324814454549e-07
2.528839258894362450e+08
-3.502026167692278822e-14
1.471964785114127494e+01
-3.816250751112259820e+01
1.145040472379692176e+01
-2.289351581279383041e+06
1.232225965629469720e+05
-3.745453389854005653e-10
-2.628733502965482544e-18
-1.885590464026753306e+08
2.743721950212474912e+06
2.332575326400863602e+01
-4.639716305251340915e-07
1.428552072895288438e+14
-2.096646367089494036e-10
-1.517268676857622631e+04
2.522231452157456810e-01
-3.969562729412589620e-07
-1.548044203484037649e-09
-2.173372548125440461e-08
-4.045206547436630354e-15
2.549132101609439850e+10
2.613319000851106897e-14
5.769053363767787436e-14
