100 3.29e+13 -8.563489792141495416e-01
-1.381083618210329654e-14
-5.986907401238053851e-15
9.132134502721805526e-16
3.043804816534599657e-12
-1.249788687663198283e+00
-5.417279017455533608e-16
-5.130308416753402980e+02
-5.375124371573476819e+05
-1.243529361902782739e+03
-5.245259411704767263e+04
3.943458495596082393e-18
-5.613370180714909837e-18
-8.234634182887820231e+00
1.719083653915599903e-15
3.315400476954851071e-16
1.219824006712807716e+02
7.828524624819823763e-07
5.363348880598611868e+04
-3.699392958389415753e+02
-1.081972178673376429e-08
-2.241414580645935928e+01
-2.146001563328206529e+01
2.829728194971401691e+09
1.595375227670863438e+01
1.365823149846800846e-15
5.152226099832394324e-01
1.279668970141642634e-11
9.098601154694318771e+09
-6.852461937252700697e-01
1.315244301890667248e-17
1.573655477468843191e-16
-5.207590230175451934e+07
-1.957522595493296831e+04
-9.673416949845655636e-07
8.133341387653746289e-12
6.356110505208838191e-04
9.693575246635821462e+07
1.395753654272549805e+13
-1.122408847139564008e+08
8.858804739922909843e-13
7.463886120416691141e-11
3.431006950533868803e+04
-2.943972531205964419e-12
8.007410833976662616e+03
-1.654819423002606982e-04
-2.042818415191947111e-10
-1.591377839271818084e-01
4.551981607545418740e+01
1.645809860590820291e-09
1.081368041041640167e+11
-1.190678606548249284e-16
3.386002735848211473e-13
3.550478467403942486e+05
1.023771696805349675e-13
1.524860635002058158e-05
6.112043710208849845e+00
-4.375522513051123949e-09
1.024070425754804420e+10
-1.607710230405655160e-17
-1.084768157725434223e-01
-8.889614258868688485e+05
1.487511406037150664e+04
8.316577316132774058e+02
-3.531682418332426193e-09
-1.385986009002547013e+06
4.019291549752838910e+04
2.633020278908613200e-07
-2.465497725997901417e-14
1.320545051120122768e-07
3.837711820937268777e-17
-3.074793363409444809e+10
2.539800068624222362e+01
-1.265951915986814038e-12
1.866652976438440457e-14
1.006011837732361018e+05
6.003301263490835205e+06
-6.179647103367412787e-16
2.986474191712007627e-07
-3.609806174676911409e-12
-2.996080452064445859e-12
-1.389184315924458008e+13
-7.439883489063226385e+00
-1.894064692392745090e-16
-3.080791136225007808e-16
-1.654443686716278687e+11
3.015690249514011741e+08
1.132941797973101711e-01
-3.576513423351212674e-09
1.097973969807377514e+01
4.497294698275667698e-15
2.679535733023657227e-18
1.281612948116068083e+03
3.970469226539255914e+01
-4.960542303289315669e+00
-4.483266362539705634e+07
1.178542198307916919e+02
5.299719314207432421e-15
-5.807235965914204207e-16
3.765239155898628314e-14
-1.431012031798282350e-13
