100 9.89e+08 7.726837267799746556e-02
-3.705248241772520942e+03
-3.490720126577470452e+06
2.109319095691626426e+05
1.346213225249321200e+06
6.346644079215482074e-13
-1.412661105523854701e+02
-2.742854854596914471e+00
-1.469853921901660413e+07
2.138429244901371007e+01
-2.993277405537600355e+00
1.033317486220825315e-16
-3.595102496526264790e+00
-2.698928453342945741e-15
2.698002810219994780e-10
4.756043837589113976e-01
5.258913960644719424e-17
1.905538116083037721e+03
-3.356839601818621840e-13
1.443281437706867761e-13
6.572663202565603654e-15
-3.118359043273667667e-14
3.195677825636747002e+03
9.836974404057748325e+04
-1.268923576383267070e-18
2.649111006316200206e-16
-3.031233014159166180e-15
-2.976557204789202842e+03
2.061776187752468665e-18
1.083988514749484137e+07
4.112735260161610313e+03
5.211730202948745664e-10
6.446859145943773620e-17
7.430445371677143449e-17
1.973445729802049442e+01
-7.045196944193763580e-15
-1.932578976815965492e+06
-9.811331264141004738e+01
-1.536888788246998843e+02
-3.486614416715845895e-16
-5.322263202810887365e-16
1.024541343239586005e-14
-2.404676253282678755e-01
-3.918917095757258835e+02
6.203813437589502972e-10
7.087175217150374351e-01
5.937607317220820497e-18
1.429692912548901768e+04
-6.155233425201596370e-13
-1.452318289141429244e-15
3.998585701590688395e-10
2.282877775870631576e-10
1.186812334670261038e+01
8.212413115721735524e-14
-2.010818964790464136e+01
-1.674699111086016750e-13
-2.302886919118311926e+04
-7.103682878828299232e+06
-1.232405087208975374e+02
3.926231062596168561e-15
8.151648651975878579e+01
1.444160392866293030e+01
-1.736521449319959629e+03
7.021559147876744395e-16
1.401114586044262256e-01
-8.988163873081289701e-14
-1.819428604743105788e-15
6.241076328169791043e-11
-1.633711012503700242e-15
2.569342337144390494e+07
1.958463836468490742e-14
2.660505250202977444e-16
-1.485286094538845360e-16
-6.540137075883929238e-16
-7.612457852165007032e+06
-6.445165962687586614e+01
9.419352942313900783e-16
-1.693441073497532443e+02
-4.051474855262335495e+03
7.650296531480056217e+01
6.376019697349894955e+01
4.839040888080745873e-13
-3.009948928375070665e+01
7.137441899758714621e-11
-3.963390911104546831e+03
6.665256529245846195e+01
4.282331764057300951e-16
-1.413725527249302116e+00
-1.078293108584867005e-16
-9.702256335376269432e-10
-1.449931480640920893e-11
-8.048603260703067722e-17
1.012034929703891493e-14
1.570616068702809454e+00
6.079513427910952394e+00
-5.118443460255801332e-15
-6.653686671149660964e-11
-1.759821906952464943e+01
-3.336798290440435056e+06
1.556439251361428320e-17
2.761157199625145950e+03
