100 4.05e+15 6.199421327100029799e-01
6.021281112544559555e+00
-6.842767500869387761e+06
-4.107525620588874517e+03
8.856865259255983425e-17
-1.213329887206120920e-17
3.045982645852255901e-16
-7.161843632986249577e+04
5.333751873912698027e-17
-1.848173285676907301e+09
-7.132334251355177541e-19
-6.362090954835043496e-15
1.044162257664416950e-10
-2.880625842659769777e-08
-1.456545669060626527e-14
-4.591443589348476163e-13
-1.067894598421745752e-16
1.966103423780169747e-11
-1.241846431802294319e+03
6.929583073828552109e-12
3.953748311448924482e-13
8.288756644940470215e-14
-3.618720443750685120e+10
1.315784684466074944e+09
8.419144671035217470e+03
3.013253577374509143e-14
2.106889258088417094e+01
5.226816013942170436e-02
1.326921570144279805e+01
3.956336663077032031e+13
1.161543186989473798e-13
4.238325958525609820e-18
4.442869651865490262e-11
-1.718269152630598455e+02
3.888138480672279905e-10
-1.424571645578940180e-16
-3.585574630182201538e+11
-1.206959985855780273e+13
-8.885337374883519601e+01
-2.062144229998217197e+05
-1.718116659046339628e+05
9.489106761178538463e-01
-1.232070607583221863e+05
1.747131088987970259e+06
-4.824187531188555145e+10
7.315776543591785697e-04
-5.335823190551675525e-10
-1.241976703714850000e+15
3.742047666198481662e-06
4.187114451178853419e-03
7.543002264745394897e+10
2.824590800890245390e-01
3.435001670527813855e-04
1.741058433092300382e-10
-7.415660532769327018e-01
8.299253559220464062e+13
-4.337488762044286461e-01
-8.664632281970407348e+02
1.579724810032444964e+02
2.243558550851120055e-10
7.117846880261616792e-06
-4.161400579608001805e-12
6.045918412593438333e-15
-4.480725690383080841e-15
6.257110782008457051e-02
1.963049997322539042e-01
3.386772940441956052e+03
1.944642158442624872e-15
6.557118019784518026e-01
2.282178079485648141e+03
-7.013958947728775456e+03
6.342510581717649175e-10
-3.299556423664797563e+06
1.495646361949867924e+03
-3.188871654259490606e+04
-1.712099203980022049e-06
3.278337147966904013e+02
1.572073072007545536e-14
4.857380638564182007e+00
-9.241183665983550251e+06
-3.704311866498822680e-06
9.206107521106184615e-15
1.089325720083644376e-14
-1.696097672054399963e-10
2.443809810958793180e-17
-3.895247676540020140e-16
-2.040176043854902964e+06
-6.383694503543459575e+01
2.228500356872185993e-17
2.557966225619836257e-12
-2.004021481213023514e+07
8.432836110586986930e-12
1.131858541260537750e+15
4.269305964239784792e-13
1.628441605805433596e+02
4.709965125746023773e+01
-3.491448731277207844e+05
-7.608734946445267313e-14
-7.406953111888221465e+06
7.969677828277730822e-08
-2.926548699301874731e+06
