100 4.91e+15 4.333658755821880870e-01
-3.067659285541915128e-13
1.577949151084201049e-17
-1.555223207276222122e-17
-2.371981497385362877e-14
-2.896366355501657381e+04
-3.276213267951985472e+04
4.980065573114256239e-02
4.472950450027163242e+03
-7.610771390860531938e+01
7.269910268528315100e+03
5.141832656663629718e-14
6.787053385165232313e-05
-2.671288519577717567e-15
5.136066399152896484e+12
-1.269388119193755327e-04
-1.531731773033360920e-12
-9.105647671470728710e+01
5.375130629923487713e-16
1.535185957925609398e+10
-4.020257057303105830e+04
5.372031214749996593e-16
-4.510119451633307769e-02
1.431701206421743970e-18
-1.239267993088375147e-15
2.059159401226976013e+11
1.304837024330908851e-12
-3.344064399731797521e-07
9.838017315545178771e-14
8.780619162203752437e-02
2.528655270442134608e-13
6.596503752051695436e+07
1.479492546247905962e-12
-6.454833788537936285e+06
-6.122054725463310024e+04
-7.342536965231216197e-10
-4.838517068453106890e-02
3.353851855169511482e-10
-3.045781459780193470e-18
-5.655730355047091484e+09
-2.860933345542389437e-13
2.925198459677141905e+08
-7.856582815888623707e+06
1.681132585268512392e+00
-3.870843474867172161e-15
2.830680490734538672e+13
6.217643698930757079e-01
5.301162949768900567e+00
4.637951036863130284e+05
2.533158078610852826e+05
-2.589125976055743763e+02
8.578524631493234409e+00
1.690491756549965407e-18
-6.919933919933479303e-19
-4.932853695232884261e-13
-4.198256158290711028e+03
-1.472451459275075700e+06
-7.821707067001491166e-15
1.319733337223892468e-09
-1.234401612517470898e+13
-1.050104945844056250e+15
1.030335223990079125e+15
-8.407593617098424443e-12
-1.205088972465360722e-11
-1.223431072202821048e-11
-4.022486661257857321e+01
1.621395590726209432e+07
1.526058946218016717e+04
-1.545140468013847168e+12
-3.474237057247325424e+02
2.663419581064051727e+02
-4.111286154470570470e-02
8.724779348963079134e-04
-5.235608455494605550e+03
-6.972272980558729892e-09
2.288096610119068909e-11
1.274263429222418253e-10
1.810867661664068748e+02
1.128166373219375807e+01
2.177363566493202234e+05
-3.033438107678312736e+04
-8.901308679818796227e+05
-7.058812523670263275e-13
-1.722306140927776852e+01
3.323233161244783551e+07
-1.971116372626144707e-07
4.405074098020822504e-03
-9.424414097772470637e-11
-5.945091972178418262e-18
9.592555556661572962e-06
6.681646098690254606e-04
-6.905211868696427571e-16
3.055596353763451334e+06
-1.600545676485761226e-09
-3.767307493592300460e+01
1.265568663301665531e+01
3.147882702227010041e-16
8.337758236898645753e-15
1.639618035621125377e-16
-1.050698810855296041e-10
2.457329656138762782e-14
