100 4.23e+03 -9.111472848533941349e-01
-2.663938389527408054e-14
4.781277141381011439e-15
4.463049801130410721e+00
4.017721147895884748e+00
3.911590424745158057e+00
4.935239551638669719e-18
1.017085430736161605e-16
1.097380162842183471e-15
-5.595483602428071856e-01
4.160542014579361013e-17
-5.845268330251972566e-01
5.456086907422996172e-16
1.302211992174642230e-01
-1.706942783086047110e-15
2.199299299156161593e-16
4.215597785300304075e-17
6.916475982543799392e-16
-6.530931609399910265e-19
-9.481560001689728609e-17
-7.153637647322781401e-01
7.613597842796349973e-14
-1.318074897125981693e+02
-1.732535127246020157e-01
-2.614721236369454277e-02
1.803043729617107651e-17
-1.516392883263915199e-16
-2.471614448071414838e+00
-1.226375278901262078e+00
8.850947859497927672e-02
3.069925694478186810e-17
-3.023507902167908696e+02
1.351102217023667641e-17
-3.518241194239196446e-17
-1.009587666162262031e-16
-8.155924696913075407e-17
4.820670471133324327e-16
1.910711595472527780e+00
-5.806641998147195061e+00
1.685820106141933973e-15
-1.057756148155152293e-16
-8.532352843741320532e-17
7.004623846927002809e-18
1.424963325898277390e+03
5.493595139819516371e-18
9.477473259598026001e-01
7.820043095254253451e+00
1.581427782246811464e-01
3.118432154758355414e-16
-5.580385802321414985e+02
-1.317231378818856174e-16
-3.372856778160997136e-16
-7.252414424384323091e-15
-1.955261907625893514e+01
-1.966336461563815933e-15
4.283072737863820123e+01
3.706354026142624658e+00
3.163077800525375238e+00
8.281184561642130859e+01
4.516886433854789829e-01
-1.769971149077506092e-15
7.138992922422733756e+00
1.607320694679608586e+00
-3.444271761181963048e-17
2.211925155487481121e+01
1.276956747963835363e-17
-4.988913844917484575e+00
1.644943360167774591e-16
2.579083218790574454e-14
1.692489688350815352e-18
-8.978365634499579762e-17
2.489546347496487658e-17
-2.934420457759616738e+02
-7.421147571346483618e-01
4.177809897282693431e-17
-1.105903882727775622e+00
-3.392147168433504056e+00
1.936567747889150845e-18
-7.216353390723272631e-19
2.002489912501989267e+00
1.759516502211220512e+01
-6.964884282555507510e-17
-1.307308842081275144e-17
1.055137812613843695e-15
2.818950336311487490e+02
1.977088859891937252e-16
-7.072043972921139954e+00
-4.442138593992154358e-17
-8.107004385630287580e-01
-2.657496237099941538e+01
-1.502548295009787635e-16
1.436734990051741656e+00
-1.815860328369571786e+00
3.687594219652485794e-01
-3.404763069630279659e+01
-5.069027158800013240e+02
5.848427162404977341e-19
1.245590310327860983e+01
-1.053267045382974487e+01
-4.474879628351136618e-01
-1.371740656877955900e+01
