100 1.33e+22 6.282717562941692035e-02
-7.092367997201978683e+09
2.353602216619952812e+14
-6.314736536571285086e+00
-7.646549793491544529e-17
4.889442784648376611e-17
-4.267108931495329792e+19
-1.146526271506134421e+07
-4.378149485662965468e-01
2.153622563267276953e+13
-4.056285565625120402e-13
6.750550452756589651e+08
2.527330356257719982e-11
2.127650330077591040e+18
-2.993909670919319399e-15
7.998137803587771486e+03
2.622122715794745545e+03
-1.779992106350891845e+01
1.283441285261162030e-13
2.941461393786452155e-13
-1.554348170903220307e+03
9.393100674225536295e+00
-4.458084718903884292e-12
-1.092061765659036407e-16
-1.673581925805738559e-09
4.102863271663030901e+04
-9.552693506056066683e-09
3.951787066378534912e+20
-2.257704252850960393e-07
-2.531543225539407445e+02
1.299903061412438335e-12
1.897154921029363206e-11
5.881657774226393903e-16
1.573128749586497400e+16
1.850963532651829576e-10
-2.856785540050385723e-08
-1.622969504490731633e+05
-1.634023433252909032e-07
9.612798229175861561e-14
-5.682216086370405870e-14
-4.857357978014251731e-01
-2.480004646897548810e+04
2.136792625032714928e-17
3.324284462841402665e-09
1.734071664919492075e-11
-2.752910310848047996e-10
-5.524567911576688493e+04
-3.759892430836986020e+20
8.056956900754103022e-14
2.313262253507176448e+18
-3.648416723462414671e-13
-7.137887845720672607e+09
5.229734595098341815e+05
5.376290844996270855e-08
-4.685414796784578357e+05
-3.555731808478717804e+08
-1.073899824504468728e-15
5.433912750957644674e-17
2.076111700862524509e+08
-3.385404782273394630e+01
6.815608890375237934e+03
-1.407041767692624035e+01
2.667688156851747073e+06
-2.625194481342758080e+17
6.791419205483737972e-08
3.195943707005829424e+02
1.955342766431641621e+00
2.184982248905346742e-09
-3.012081193360944837e+07
-1.228570668028926150e-16
-3.468381267726396118e+02
1.534982556335384805e-17
2.350528842038474977e+02
3.146279635848940816e+06
-1.349929153402129596e-09
1.033173443185421599e-03
7.798187620258301145e-03
2.520591295268097998e+00
-6.079947191069051682e-01
-2.029205446885902435e+07
-2.515615223112501099e+03
-1.517197352315723835e+00
1.243731074694304084e+01
2.773649683735978662e-15
-8.341476616832151194e+02
-5.548245565095324560e-17
-3.211691016545141339e+08
-1.648923848189231157e+09
1.163387106572827179e+02
3.364421832300161362e+09
1.521966727576565965e+19
-2.757449244081282500e-14
4.252726372014720368e+01
-5.835109080839670290e-15
3.968716080699923623e+04
-4.396423638147403788e-10
-4.697096198655922711e+07
-5.549910509492308847e+03
4.067577178051066880e+18
4.933117489366092911e+01
2.251198637944786363e+00
