100 1.13e+33 6.584983478176510419e-01
-2.409269185441922500e+14
-3.812490873470292121e-14
-4.621483645040282830e-15
1.117136261767917631e+02
5.026110734882762356e+24
1.419493243268430420e+12
5.154050597469940625e+13
-6.482860333193428155e-05
-2.775738580181299848e-12
4.173485248724429403e+04
-4.546953257957089954e+04
-1.803449859036074229e-14
3.943181980565208533e-18
3.726451623901477650e+32
6.357952541121092054e+02
-2.766087178080471039e+10
3.061454342653863789e+21
-1.919870494172845503e-17
-1.385703613859001315e+00
-2.137174674829566406e+13
8.701296820100369090e-06
4.337788070319428733e-14
-2.176831747830047607e+08
-1.104757082808130626e-03
-7.966815619672384766e+12
-2.857346274841836981e-04
-3.908331507859833450e-16
-5.596363543390666564e+02
8.091367888543141125e+25
2.543217082716305033e-02
-4.596983229845024471e+04
1.296200400485367477e+08
8.488782331706086097e+02
4.439972317932558060e+08
-6.854271728875260816e-04
-2.152657154912904214e-04
-2.695232626898723581e-06
-3.591981591944013507e+30
-1.186719430556534597e+22
1.191082404535119394e+02
5.500786104030254080e+18
-5.811438998421562196e+00
6.940039947481948853e+10
8.338970065482389927e+07
5.706260460578846745e+06
-7.175470623534140625e+11
-7.693965159958108000e+15
-3.694277153975347637e+32
2.334323897264667380e-02
-9.773834764060668974e-09
1.464027748560038013e-06
-7.153500495410061132e-09
-2.215227600644792000e+15
3.562303527972794435e+28
4.366233615609847500e+14
3.722043597186485820e+24
4.587922557691314697e+10
-2.498017061729714333e+05
-1.428405519959178567e+07
5.353860479693883643e-11
9.073530247235438482e-07
-8.648281369007396875e+13
-3.504529886948725000e+13
5.502546403151228961e+21
4.617541040195425894e+19
-5.107681770038882812e+12
3.386145119344945442e+00
-3.154752843371241760e+10
-2.478572975081897312e+03
3.676048117674652021e+05
2.973877208643138678e-09
2.694780501114680240e-12
8.481967121205531903e-12
1.472928139858647356e-12
6.956113901655380249e+09
7.365583569415168000e+15
8.463179736664061537e-02
-2.395013212395332718e+10
-2.123980810556588745e+11
-8.371845939955258747e-04
-2.797722264265750018e-08
1.119780614875852440e+27
-4.207457953225248653e-13
4.390012562826481008e+04
1.006725228534437716e+06
2.893805541111527191e+02
-1.663005369020624327e-13
3.062602193731353125e+13
4.635894297800639833e+03
-1.130185107893385235e-15
2.949494197238953200e+16
-3.893077065382451110e+04
4.698518024985051828e+26
-9.986404790287953529e-08
1.392077711213016510e+08
1.733444278414910436e+08
-4.648642100649989462e-10
1.750801839101025581e+09
3.372322730521826904e+29
1.114705607539789867e-03
