100 4.23e+12 9.216044299069381385e-01
2.437881038326331139e+09
3.285792256434772440e+01
-1.599223799929402787e+02
1.575456008409580318e-09
1.356583513945990131e-16
-5.348147367568595327e-13
1.207646358347720932e+06
1.306561845139922298e+04
-5.900259987309516356e-14
-1.141128094161271854e-11
-1.110762129935582250e-10
9.279634028803304773e+02
2.921537972122838215e-16
3.185101008468944894e-02
1.382508003616983281e-17
-6.067243841081606224e+05
3.228716241867366534e+02
2.827121755441786372e+05
-1.692147168777992554e+11
1.058450848810456228e+06
1.195655529424100580e-17
3.009987672409420515e-18
-2.571173476352762990e-14
-5.948281995415264589e+00
-8.669674078064456907e-11
3.192174339934664573e+01
1.867034093295087758e-10
-1.016637806724776813e-15
3.585033151104663266e+05
-2.153630470839574116e-11
-2.168278646135644603e-16
-2.773932033328994736e+07
2.004471733103140085e+00
-6.303880810289284747e-12
1.161166145238469653e+04
-4.224650370235719674e-09
-2.860597399191080149e-11
-8.303395561584060309e-17
3.557411504988809109e+09
-1.285494271185385320e-15
1.926583867282908936e+12
9.576000744737081050e+01
-4.157613769628214781e-08
-2.712025445276214957e-17
-7.946182148302491854e-08
-9.886525776699128798e-03
1.667463750517628553e-14
5.687997803086775050e+00
-3.390229586146162018e-06
2.500527647672971070e+05
2.245229053325036830e+02
-4.728535040298774561e+02
-1.119561967704628754e+10
-7.352959279079402494e-07
3.391964004502821586e-14
1.549077117004345831e-07
1.977231065948549658e+05
-5.133799869466215426e+01
4.704282648968655423e+01
2.355218647884179675e-11
2.066075589732243100e-15
-2.703885125070285831e-13
-3.312466606796663493e-01
-1.889086277434204142e-19
2.101067329616074540e-16
-9.030155877383887128e+04
3.048921982438271524e-15
-1.888679347605176334e-17
1.445167720416608674e-13
5.103261135900167725e-12
-2.994821840739671657e-12
1.009908055738014756e-12
1.961239262244975773e-06
-1.148641929280108914e-04
-8.430541384080951772e+00
-5.293584299478733846e-12
-3.502835557572945291e+00
-1.050065135796676274e-11
-1.842431834163326857e+04
2.415103377662616125e-11
-8.299154288773680211e-15
2.634466134043351303e+03
-1.710806282013235403e-13
3.022566047781674115e+03
-7.508812666822029860e+04
-1.378044021521731111e+00
-2.326143751956907924e+00
2.515105485361254778e-01
1.405679442841731056e-12
-6.587973310723402537e+06
1.279066772722356899e-16
1.794878131246403093e+06
-1.570200299500026995e+04
2.408565097204993945e+06
-5.415104399199036362e-15
-2.716277829849797417e+05
1.686956099093423653e+10
-1.398412131537215948e+09
9.893453227963821962e+06
-1.767622050272249023e+12
