100 9.26e+24 -7.273085668487490052e-01
-4.933337203490688808e+03
3.594292404928155520e+02
-6.173526380877165227e+23
-1.486922276467083534e-08
4.915777659802267709e-12
-1.593683486768798828e+08
-1.076157210704985938e+14
-3.600691034225926995e+08
-2.549323541926611215e+06
3.719391500302708149e+07
3.345287686572449314e-10
2.058929681770773750e+14
4.019791735069206150e-13
-1.747435212656748481e+05
1.849579322219507188e-15
7.628573229416054627e-08
4.806448768541803606e-12
-3.525225407808921413e-15
2.721829888346621054e-06
-6.147577404741323553e+05
2.088472778909223853e+05
-1.930688675452432400e+16
2.261522350939116478e+09
-3.446711004686008125e+14
1.304131366884441293e+19
2.724752699246592533e-17
-3.022610702888418703e-05
3.900167544290381510e-10
2.894679979169274973e-16
-7.187369163563098758e+06
7.390259784231567383e+07
2.339394186775054507e-01
-4.122497796795373535e+10
-3.635355714997670629e-01
-4.340099620769945205e-13
-6.710351091364161746e-01
-2.173902513095565553e-17
8.074331910861210417e+02
1.821906357421085449e+12
7.645703816517050987e-15
4.156118687980783081e+10
-1.394261270664965746e+00
-1.068498675814466289e-11
3.462558988815320760e-01
-4.760834259998674156e+00
2.486188822794091309e+12
-1.871678027453625109e+05
5.131564046055416111e+04
-5.497980760444668740e+21
-1.012673457129235999e+02
6.139195865585266048e-07
3.348863326590588011e+24
-4.918849980649642400e+16
-2.914528088816814577e-05
-1.963064377942542678e-16
-5.782668171666668495e+05
1.407464278123165755e-05
-2.569947144718667914e+03
5.949621318477673829e+07
4.017462803095316070e+19
7.418704722202004000e+15
-3.705174966105318163e+06
6.656831290771010742e+11
-1.193385071075783038e-02
-7.190303967275971799e-09
2.439883711803345432e+04
-1.296504644165127869e+11
1.604704678872333442e-13
-2.601403756886572340e-11
-9.988407397699515843e+20
-6.490849959857479418e-17
-6.467170005594216287e+06
-7.490917187825543806e+04
-2.744481014712371719e+24
-2.073334957828138798e-06
1.576591090374093174e-01
-1.678133525178714991e+08
1.683927986952756643e+09
-6.293111081674459401e-03
-4.962055975012152767e-06
-1.048165697933640331e+03
2.271993814519206920e-11
-1.184930402171961491e-07
-3.211156146941605568e+09
1.411928859252580733e-07
-3.462490636689222967e+00
-4.620132900985985107e+11
-1.676268646787933136e-02
-5.161854119972288773e-08
4.602357168718492000e+15
7.723685736527965069e+08
1.941399240887365743e+22
3.210369168131008944e-17
2.477464744685765368e+02
1.379106455620470177e-11
3.652915943830514323e+00
3.007649195756736837e+00
-3.924523500277243500e+15
1.399836149418210995e-01
-1.773821389032480928e-09
