100 2.34e+05 -3.736881305431575262e-01
9.899045828547840150e-16
6.082136712071573648e-16
8.166566810327821676e-18
5.479334487962968478e-16
1.639791606383851796e+00
1.190943922082678288e-14
1.249467183048829533e+00
6.449957253377042630e-16
1.539670170903418409e+02
1.018856825396782770e-16
1.504655085287798129e-15
1.933801688897166023e-17
1.086445424686180994e+00
-8.291181594873181515e-01
-5.774788877786413220e-17
1.350901803420939018e+01
-4.286442719553800271e+04
-3.525932276339516415e-14
1.022386218582362361e+01
4.542994734985338567e+01
-6.679771130139484676e-15
1.211773944112015218e-17
2.007299644170616126e+00
-4.041043572892919542e+02
-7.546553175381802624e-13
-7.725559363700849595e-16
-9.494734884941003372e+00
3.237791784468354860e-16
4.205710948423055203e-19
-7.585089455158567674e-03
1.726896053842971179e+00
2.835439275897036448e-14
2.257113842177251175e-17
-2.383089679252705354e-18
-1.194762735178197380e-15
3.400853150292768134e+01
-4.139329101977873293e-01
3.633800805539976723e-17
-2.765275159838478288e-16
1.154344839280916262e-18
-5.186911228504682114e+00
7.553456884567611478e-17
-4.239932823076168233e+01
1.120821111569025788e+03
4.374823831937137548e-16
-2.164506430991691238e-15
1.484894477057813424e-16
5.946129937239493140e-18
3.588347796625425801e+00
-9.768976222678359411e-01
-4.804980818974157472e-16
-2.963071951746843619e-16
1.699068795405594301e+01
-1.197067785448761619e-18
-7.633692463117139226e+00
-9.137982531619267735e-16
-1.945011218152357946e-01
-3.818659830219517549e-16
-1.480499909243840340e-01
-2.493640515217967479e-01
-5.527354939312645321e-01
8.491393590227791730e-16
-6.334315626674714927e+00
-4.580267530811160254e-17
-7.892043644969015759e+01
5.594224477185395957e-16
1.391782617584894410e+01
4.385299765818606215e-16
-1.094454319493486167e+02
-1.205459591948417552e-15
2.453811107271299008e+01
6.217600555308232053e-14
-7.254816014129254294e-16
1.777297553890318227e+02
-1.134696607172538484e-12
2.284916523167133164e+03
-4.042930070859529029e-16
1.532086895877413099e+03
2.542863597054738989e+01
-5.111254114197107257e-16
2.519381927574056464e-17
4.943546009176224311e-14
-2.610597861586623769e-01
1.690689459966350583e+01
3.813571177686979354e+04
-1.323191801627477275e+02
-1.722664605637048751e+01
2.426277007297963848e-15
5.581619706780493573e+00
-2.546285973013166171e+01
3.611461493807330925e+01
-1.158685674567156632e+01
-8.178226061505515787e+00
-2.388969351758691989e-18
-6.086338521219702497e-17
-1.355011836618619014e+01
2.253667098863370200e+01
3.895278047977154756e+01
1.885931824776483623e+01
-2.657583346491585571e-16
