100 1.17e+23 -6.738267348682501767e-01
-2.679428845958973694e+10
-4.150073681997591316e-09
3.611341937337329000e-01
-2.299870177035857101e+19
1.360113852516160233e-15
1.345385636860202008e-16
-5.374410134287334650e-17
-3.687836273415898321e-04
-3.248804422801818873e+04
1.032701791333724710e-13
4.045873508134689473e+03
-2.559312916176733198e-15
-2.017391910765976400e+16
1.757201502245444662e-13
-3.117460016680220795e+10
-9.200394565499478579e+07
1.811416943440352249e+10
-2.472182650900061634e-07
3.320574939294691376e+03
5.644510668907655000e+14
-5.249479071964478862e+03
-5.144770698123888906e+02
-1.347881602991781733e+02
7.687172730984092773e+12
-6.014653474372247458e+08
-6.066551729811533455e-01
2.198730336114184260e+08
-9.703534029699322697e-15
-4.415075347601104276e-13
-7.382427516928619841e-12
7.189319910353319550e-13
1.335652290643925934e+11
4.322327660173668927e-06
1.460400149096907262e+04
-2.197953149852198601e+09
-2.431601040657437436e-06
-1.515251715430615234e+11
1.148634908400540800e+16
-1.203805135568073638e+03
9.556496935488089761e+00
2.277569247531542715e+03
-4.261450202810643698e-14
-4.433101465860424199e-07
1.535740545367902539e+13
1.587424660881640903e-14
-8.079092071744926318e-11
1.000257645752867575e+02
3.434012309595823288e+06
-3.321289044981609914e+05
4.812202602552877056e+19
1.225348761668057705e+03
2.870839860140852630e+07
3.008316298222018150e+19
-5.261304509292535041e-15
2.214047323532733813e+00
1.603448502407456160e+09
3.911572154775113197e+22
2.237250814303690887e-17
5.493334861760767671e-04
-1.346892723295807838e+06
-1.163788322878266399e+02
-2.503598148569697754e-10
-2.657327365573358910e-14
8.284823382890951771e-03
3.706911415463170852e+04
2.201922465635722503e+06
4.238365026780432743e+01
-1.183984917259142041e-08
1.978984386968985376e+01
-3.368913259327912394e-14
3.524613230434447178e+05
1.676318900001349182e+11
4.451409227043180571e-11
-7.086660809594083452e-16
-4.657655017106254442e-07
1.542058525061748095e-11
-1.004781276607800391e+13
-3.924364131002764545e+22
-5.479693588002094984e-07
5.127505698428748149e-01
-3.849385562540779799e-17
-4.251190270988195602e-04
-2.539933976534125115e+00
9.467982514764133531e-09
-5.002071615886937827e+06
-9.745476851370414734e+09
1.138878276219595923e-07
2.098089333971157670e+08
4.627146144527721844e+03
-3.212605020378681173e-08
-2.480373723577372402e+03
6.054639214541541112e-16
-1.208154125563406289e+00
-4.647378253719617529e-17
-5.525135767898544922e+12
4.434149356579363821e-01
-3.215726323870277299e-04
7.272139058720871219e+19
2.667946349450136392e-09
7.894048864497642390e-06
