100 6.88e+30 -1.233131044605479953e-01
-2.428701242246498714e+19
-4.439657698584085846e+10
-9.923710560873966191e-02
1.119843264177333992e+02
-6.934240196590250000e+12
6.610305476142111981e-18
1.522914638052231054e-04
6.332722253085431104e-15
2.833726718506715260e+06
-1.269566431213414495e-15
-1.552097957841391326e+05
-1.516844685137152594e+23
-1.340443708527134359e+07
-2.564329542781858750e+14
-4.147853899518852276e+29
5.960209184339523847e-03
1.744630222121164436e+06
-1.212162952389370730e+03
1.782637334211948605e-08
1.913995633386893360e+03
1.734104892671450000e+14
8.817113885035578278e+03
-2.099228657391277123e-05
-4.021211500453092676e-07
3.483613215153116703e+09
-3.162751974016156500e+15
-2.570134454135950871e+23
1.160879886057796795e-01
-2.561765621372752528e-14
7.957027593764182116e-05
-1.679836996522015759e-07
-1.139658124961039531e+14
-4.242160593741035767e+11
1.014210979796153717e+11
6.578256143899086164e+05
2.364553317121168413e-17
1.074159570397836924e+09
-3.169579389551340301e-07
7.251932336457809292e-15
3.400175070856350512e-01
-5.408708610334730827e-18
-3.029679406386884466e+01
1.090759356662530240e-10
-2.276459195144253730e-09
-4.642172984608679740e-14
-8.091506769729951420e-01
-5.592856723635100885e-13
-5.202711750737297349e+06
1.607941750161410949e-06
3.108625852446279168e+18
6.002134432236521882e+19
-9.732991352241697314e+00
-1.794190376552977730e-10
6.731714087835030114e+00
-1.136857222487509117e-02
9.522619406339372998e-09
-1.539804937300222498e+01
7.016920516898241536e+18
-5.461601367271688477e+12
-2.292734021459409881e-17
1.404065902110630357e-10
-2.560098230641648600e-12
-1.163521730654491133e-10
-8.085793701511101972e+02
-9.896779040128383258e+02
2.614653491362866461e+08
-1.676883397837815434e+07
2.221566456913018555e+03
1.857808608954742670e+09
-4.692868181798362520e-12
-9.345607899457136864e+27
-8.024377435567480469e+10
1.388204353562975098e+12
-1.470137345786971997e-11
9.457591745060068994e-14
7.387282654164820910e+07
-2.167664775557527435e+02
1.511552690150759742e+07
9.701515819128176084e-08
-2.351569021797372493e-07
-8.089862166012074305e-16
1.128984936334431755e-02
4.276635773703902245e+09
1.439028993579457847e+03
6.034894537700119615e+07
4.241314064474897335e+29
-1.378912214051773299e+04
-1.199438588491143990e-04
-3.075934392746055078e+13
-6.341796752396528320e+11
-8.037702156772708893e+09
1.919743795448887500e+13
-2.198601993507929252e-05
-1.111415901926565423e-14
4.261712298383539019e+04
5.591006335920489267e+19
-7.435604658321190546e-11
2.237431139369230020e-09
3.810216675213410985e+06
-5.873703964945499401e+00
