100 7.29e+01 -6.375031885310593616e-01
-1.435238076381013528e+00
8.816479067949999360e-01
4.557480053403428766e-01
1.373647757348506748e-01
-1.645403240974527559e-01
5.887543543344709712e-18
-2.767714167413457622e-18
1.662064156486865674e+00
-9.207561982507912582e-18
2.006480338342037777e-17
5.096240524769517669e-18
-5.227974999053818454e-19
3.272182395393812988e-17
4.844791900566297049e-01
-8.356595733369878154e-01
-2.543644811788541016e-17
-5.396150094736169232e-18
1.097454695148470286e-16
1.326058497061194164e+00
-2.287124037560439582e-01
3.337202567552582908e-16
2.422483981017858889e-01
-1.977790381579424550e-01
-4.181905647328185704e-01
-7.394606196705539869e-01
2.777671615102426425e-17
1.255861527334724281e-01
-2.215379013776186845e+00
2.779074288972515072e-01
1.943762841490526694e-01
2.535931751017726120e-18
4.221381718420115884e-18
4.802048567945216000e-17
2.409889576610289810e-17
-2.640579975973314443e-17
-4.898133535435460816e-18
-1.058002320170553956e+00
-1.862385450646489366e-18
5.473982567278065758e+00
-1.187540525096682176e+00
1.522565113901165570e-18
3.447568342946174238e-16
-2.924987361235796834e-01
3.466557395163445965e-01
-1.063778029495895460e-17
3.410171147961682525e-02
1.735826779291944344e-01
6.393770514689153560e-20
2.767433467965969146e-02
1.286133134646124221e+00
-1.717417183333805220e+00
-4.232500011047577522e-19
-3.801454342269586233e-17
-1.212893123230587511e+00
8.235265378570553322e-18
1.880848038470156691e+00
-2.959034214561272469e-01
5.961863311571649508e-18
1.086793145754040513e+00
-7.445221252343444107e-19
-5.047187820346712331e-17
2.725081522545869661e-01
-7.914413125730025276e-18
-2.951206128635876124e-19
1.771276555531609703e-02
4.511978713943970483e-17
-1.825148469542803204e-17
-2.210679453757031769e-17
-1.994190776525275257e-17
-1.377845051922211648e-18
7.122579620422564913e-17
-1.512869675875912621e-18
-4.380336680369564806e-02
1.852684337863838682e+00
4.131606276151982282e-01
-1.124832928910866728e-17
-6.247969509847559610e-01
4.440392342069410248e-01
-1.183966771046222333e-01
2.682264421715556634e-17
-5.244803201198556808e-01
3.603830017118158412e-18
-7.590398331745561775e-17
3.288794837166075926e-18
-7.578686160331291610e-01
2.026449900654586688e-17
4.589670257256713565e-18
1.257102644625046617e+00
-2.394983070332634992e-17
7.911383455021558930e-02
2.077482487836204562e-17
-5.526112067440025477e-03
2.412324831298763073e+00
-2.721018706668968095e-03
6.372873208108412180e-02
-6.446181016222250113e-17
-7.322785169703849739e+00
-7.601158301961433371e-17
-1.124658437568000700e-17
-2.147537338847345545e+00
