100 3.87e+19 4.856484286224378721e-02
-6.387571318734288025e+10
2.585602787782400810e+03
1.189799436182502075e-10
6.702033055208849226e-13
3.216798406115480106e-18
-1.383834823282641583e-09
-1.535238753479262695e+12
-6.078195684227589120e+17
5.124745633085948424e-17
-2.354861298252452383e-14
-6.054315728735930406e+02
-1.449188392119924165e+07
7.389716045490558827e+00
-3.934173507447103812e-13
4.725042559197589753e+00
-5.447598456905815739e-14
-1.366897870730321429e-01
1.644251847618486732e+06
2.157260591689610454e-16
-2.031558912360909012e-14
3.416074294381634900e+03
2.180587893831857240e-09
-1.126617552205068932e+04
-5.107837960178242786e-18
6.541670784088436931e-11
5.391943693609174807e+05
1.142758491541909035e-15
-1.113367693216192375e+15
-7.538059770590277431e-02
8.510010668499107500e+14
-6.229347928403438709e+04
9.654034378791022261e-09
-1.846858581580684757e-08
3.204216485792207718e-16
4.709248923919247091e+07
-3.077319349137118756e-03
-1.425751952573412320e+17
2.496779215463295232e-05
1.653692254261602233e-05
-1.061730381162234815e-16
-1.363590032666783580e+00
-8.923515749336765168e+00
2.724248718668037032e-10
-9.173226434367208603e-10
-5.929260525755815104e-06
-1.084712303202790208e+06
8.584450404166804605e-03
-1.579992827988033282e-15
5.016577702959078841e-11
-2.636808708729064321e+01
-3.270090175297796264e+01
2.398812320084400262e-01
-3.678552216323439500e+15
1.081499306349037016e-11
3.244452034751417160e+09
4.187428768258155287e+02
1.450424297620089492e+05
-1.343687161176650971e+07
-1.707506918323077760e+17
7.091006532386535645e+10
5.541580519236710668e+07
8.976233729251337512e-15
9.554852894537882747e-12
-1.329200538053886600e+16
7.823173424598403431e-07
2.606677307266181742e+01
4.852835139523090625e+13
-4.002483220255161743e+11
-8.230647927818962220e-16
1.471304237550636288e+06
4.941445625820055481e-15
-2.879806121970045090e+10
1.206653006736302380e-02
-5.751063946879145889e-12
-7.426987994999834086e-02
-1.694753642037174106e+08
-6.319125280299727539e+12
-2.806865873878480488e+04
-5.926921034117586373e+01
9.438374979277914463e+02
-7.066365756980342865e+09
-2.608330623667030324e+01
3.863045160743749165e-13
9.355965317199174400e+17
-6.200480965439954251e-02
1.234045302002366951e+00
-2.725031496999393404e+07
4.436928929401750565e+01
-1.034589333011267222e-10
3.235472738468327151e-14
-4.342263906782596153e-17
-4.433138874364756048e+05
2.680022764043640150e-08
-4.635757473255442546e-04
6.437017713793005943e+08
-3.366528229991680438e-06
9.586994090154874701e-08
3.718202708604156026e+00
6.011673117761445155e+02
2.741599338569384000e+15
