100 5.82e+15 -3.404584385259684653e-01
-3.685307246693043440e-14
-5.007517385516234451e-12
4.252010770258706884e+00
-9.719992947993557812e+13
1.036359681916248746e+03
-4.058476868448042870e+08
-1.553472880916015646e-07
2.883602299558533871e-10
3.682633968345544627e-15
2.666803460218118969e-14
-5.093596958273815265e-06
-8.164872846081636380e+05
-1.529667137138359008e-04
4.615965152428895235e+07
9.862904025838241250e+14
-5.723213428067958008e+12
-3.073510253096993081e+06
-1.076058701350263114e-13
3.625329616558053385e-09
2.427204005961782656e-11
-1.173020625513452204e-08
-3.561772266877689617e+03
4.549822381194840171e-02
-8.743227464218822149e-16
-7.748160600650086028e-17
-2.608123570894772991e-15
-1.644994540506590965e+02
1.166009453669624680e-09
-4.453715618250438129e+05
4.059462479711748076e-10
1.177385657181770897e+10
5.412206428800432384e+07
-3.493127949738033635e+02
-1.816096171539890248e-09
4.129848204147806168e+09
-1.702353402883308164e-02
1.403089535704966984e+05
-1.523333661050082499e+00
-3.336330678546056916e+00
1.278225250461597159e-16
-6.564234123901173916e+02
-1.370342015363871353e+06
-6.879010725399369116e-15
-1.616415948758537415e+06
-9.675349753294902655e+01
-3.145821167827156838e+06
4.522431640901999828e+01
-3.078101423720386323e-14
-3.382146299806000898e+05
4.239555800852209368e-17
4.539123213833977282e+07
-5.590449585287505215e+03
8.427066343461794671e-13
-6.049962926928163440e-03
1.126087571235708019e+05
-8.855612088500402992e-17
8.247079918228048096e+11
6.869851507207705639e+06
3.246123148381883450e-05
1.037553306086506531e-10
-4.155334869394413894e-15
-2.063594328048660007e-10
-8.668543883696347399e-11
-1.727573490866825523e+01
-4.062195113944864211e+00
-8.866387070786683750e+14
-9.474700984606804525e-07
1.737559194552500412e+04
-1.486510180511975763e-12
6.496426024139059052e+01
-4.246591302833425630e+02
-2.131481190986643346e-11
-1.747399870701969067e-10
-2.710909932487506740e+04
2.354836666565347326e-13
-1.487796417639313667e-13
2.002338698892924354e-12
-9.241449411633077389e-15
1.238590014158768025e-13
-7.626143991555709216e-19
-3.307243021561191550e-16
9.771480567973160281e-12
2.935703549184485382e+03
-2.140445682566844021e-15
3.322417796242142091e-02
2.351450266208547646e+02
-3.222065276274939606e+04
4.426608364369519211e-04
-1.227508923236113816e+02
-1.131638280228442699e+07
-3.967664122721500064e+01
3.336074669159304972e-12
7.122051592243927804e-15
-4.175638375724325562e+11
-1.381034786178656271e+00
2.848676402408060547e+12
-1.520796643307446968e+06
-1.146086376831535890e+05
8.408161106106119007e-17
9.170567924886784080e-14
