100 6.03e+21 2.427007810250403699e-02
-2.824308122033675517e+01
1.580261746690624220e-15
9.799565439133682016e-10
-2.262659332119669742e+01
1.354048041239494246e+19
1.406330561176381280e+17
1.494661343757004488e+03
-2.354834199428503513e+09
-6.980639427028025579e-16
-3.704594166158128357e-12
-9.430359011912489772e-15
2.087298517813532683e+01
7.183992825499079481e+04
3.126441848093890421e-18
-5.708773361135062032e+02
9.006023153182231188e+08
-2.315513891912978650e+01
-1.854155404138958147e+03
-5.715627806351332083e+02
8.818205308649359910e-16
-2.789897011317005381e+07
-2.046605922979040527e+11
5.948391286872117248e+19
-3.459674804525560000e+15
-3.481410404985600754e-16
7.954765743923257955e-10
-9.110275070448793519e-13
-1.329381756036118465e-07
1.166959522721323757e-08
-4.862277330421140853e-01
-6.813792622910508032e+18
1.021274587556270126e+05
1.651008044600311334e-15
-2.973356171772718426e+03
-3.022823378152913647e+05
1.974419999079688665e-09
1.924410098339935180e-14
-2.580742253513167381e+09
-4.141432438097716309e+06
3.558561327919268036e-06
6.946108225638381646e-15
-1.174545022544380845e+04
-5.130104864688721927e-02
1.759294231275260892e-10
2.775177893304479308e+06
4.372240087014380646e+10
-2.481117086680211287e+04
-3.391896928453624014e-12
-9.030955533850063498e-13
5.302279510378303229e+01
8.955656068468062868e-18
7.620950867363713123e-09
3.497368827473913521e-06
4.278792641760611541e-13
-8.982122150771415749e-16
-7.718767375808684155e+05
7.172164000410574675e+07
-4.505073692168796256e-11
-4.838425194718774947e+01
2.246653368833552673e+07
2.223361298642064867e+03
-3.704949387454267708e+03
1.408587629845117917e+05
-1.118343929671572143e-07
2.238704196855669179e-10
7.812583403596462309e+07
-1.991860225188606819e+02
2.671698963895462513e+09
-1.373549006969038144e-02
9.937084447906838250e+03
1.994547868361307859e+09
1.246135169873201429e-14
-1.987287107177390083e-12
2.273783121320880600e+05
3.908271142661570057e-06
1.277862003717063929e-15
2.933156000938063138e-09
6.057860757952246855e-12
4.774980051334565267e-01
5.909494382283619000e+15
2.559100686172185760e-16
-6.656747248574235165e-03
-1.796269417504562141e-11
-1.354042830714496447e-07
7.154057763244244939e+01
5.716238913749700000e+16
-4.306906229890203974e+01
-9.318949402192703380e-14
-6.641006363082856038e+19
-3.804496116919939830e+00
-6.282887538514231714e-08
-7.820220202218326250e+14
-1.461657046918776182e+01
-1.250876523055063311e-09
-1.134078791995872345e+11
3.208642539204757214e+09
-5.921186582800930106e-14
1.739534987191963792e+08
-4.991348842068543235e+00
3.118003260708295699e+00
