100 1.32e+14 8.780295488106860669e-01
-8.538825147229917839e-13
-1.441293577288364735e-20
-5.524105292062213568e-01
-3.825381736646353037e-15
-1.684698173779384780e-13
3.799098621531466395e+07
4.922144374615117224e-02
-1.256430114603198890e+05
1.259555296133643242e+04
-1.509121308090100219e-16
2.575584337591736972e-15
3.400540091012820702e-16
3.959173311145912482e-14
8.902444174412209635e-05
1.723339677394219210e-06
-1.603519479808381831e-01
8.297718502372591211e-19
-1.794280507039422901e+02
1.108800330158583654e-17
-9.859038804624822205e+01
3.660045141223999821e+01
6.354399653379823092e-14
-2.656118694171349697e-11
-1.343821994866569730e+04
1.566250585333413493e-08
-5.007727793501942415e+02
6.321033470950505517e+01
1.047564597049091972e+05
-2.955408712564042251e+00
7.533464465445373578e-10
6.285846225654261112e+08
-1.182554809014866734e-16
-1.284303433840778853e-10
-1.636864446262454376e-13
1.170683193091615868e+10
6.234288066165653685e-08
4.059760102937413030e+05
-9.882059025775479455e+00
-8.284994700785214634e-11
1.839624797348433533e+11
1.858457823086766270e-03
2.423888036398442331e-03
2.825899159803378780e+02
-2.935831585028521987e-16
-2.862256328562460794e+02
3.291605869521710702e+04
-5.276287066618881226e+10
-3.022208735775657929e+06
7.038629355520298481e+08
-1.455504768905885316e+00
2.766449899835802300e-07
-5.203158425095434867e-14
-1.500988200040962511e+03
-1.001488574548807810e+05
1.647039834130148649e+09
7.783086672062149292e-15
-1.417862296404045841e-12
-5.854076546236677814e+01
-4.280314670648265839e+09
1.068717469102495760e+08
2.471476892407990889e+01
6.541619755085022916e+03
5.592080472550942094e-06
1.033425302881394890e-15
5.615050610927754688e+13
1.586734960317504232e-14
1.549790224892387473e-10
-2.662510129704793503e-13
-5.930086475546591828e+03
-3.185813400726816489e-07
-4.013453437298261909e-08
2.769731080645595677e+06
-3.263886820470029411e-15
1.112156010794406586e+11
1.306933065435703857e+12
1.428319932223847326e-15
1.827537902614112198e+07
-2.453965784421357377e+00
3.540050408243215574e-09
3.946357009774995372e+00
-3.288590642953326028e-11
4.561281489038805054e-08
6.142219394802975003e+05
-6.297258620431175630e-09
3.253417810449035129e-17
-3.587483539535332937e+06
-4.931682845335946653e-16
-1.153435234020685327e-15
-2.328673938080861699e+06
-2.358001871739340986e-15
-3.243337647901693344e+03
-1.588995863383289377e-11
-1.242116543718140065e+02
-5.771042903973838281e+13
1.075553371969331801e+07
-1.062105984409004080e-13
3.012580101222502199e-16
-1.505379247068412554e-09
-1.336990617446486778e-17
-1.034365399701700881e+03
