100 2.61e+32 4.892917073259215877e-01
4.809130609980406007e+03
1.184975175363971012e+01
-1.626272121216066702e-04
4.124796964127654779e-17
5.709239080717182617e+12
4.710863330532723829e-14
2.046046730941057376e+03
2.369529833347725671e-04
1.662275193555519775e+12
-2.745335438985306025e+08
4.152447323862276107e+00
-9.381962306495199585e+10
-2.907688243509891443e+06
-4.414214170557393402e-01
7.535334166543945312e+13
2.334272885069736070e+00
-6.005551562814703941e+09
8.299096050849101697e-15
4.357498937860611826e+06
1.860193679764747620e+09
1.974677293267522252e-08
4.182229191096865179e+03
-6.402858651431089126e-06
6.161241568018103516e+12
-2.604976277803949405e+26
5.300967544744390469e-01
2.313787689275483566e-17
1.573058226046116091e+07
-2.551892860643855896e+25
7.535499817529489608e-04
-4.198303996937746566e-06
1.853527412167353154e-09
6.394285105974851270e+31
8.120359091301245000e+15
-1.085192919050399903e+23
-2.192696263997180462e+08
1.407339493339106411e+03
-9.013944024698811585e-10
-4.105790330298820456e-16
8.747435094093467569e+02
-2.356058552977822319e+21
-5.001063304804891432e-03
3.968224874325158788e-07
1.880127909014970064e+05
-6.593239967045211792e+07
-2.388295128505712891e+10
9.652370629416238323e-11
4.122471606604139952e-14
8.206789674205202524e-10
5.366430665123416807e-12
-3.060082365503559570e-09
-6.393599460979754893e+31
-4.004997680846812534e-12
-2.630890353538463593e+09
-5.538822001346212626e+07
9.878676053949960938e+13
2.988885487105299443e-01
5.099756831701995991e-10
-8.035746074703215534e-09
8.358508446717335848e-11
-1.340379128570188878e-15
-2.230125352706206598e+00
3.862983507956867584e+02
3.226020127065334236e+05
-1.726728126012584940e+07
-2.857708811262129130e-13
3.651696529806403024e-05
-1.363197944363155500e+15
2.099869562532453680e-14
5.780340394509620117e+12
-1.197326556133393449e-01
1.023925036255277991e+09
-8.312600396734298766e+07
-1.178212115553308395e+05
1.783852282670199076e-16
1.818072884802366943e+12
-4.338144112358434000e+15
-1.354010950068394725e-05
-3.112609283783314750e+05
5.534445376205039337e+21
1.981040591468469971e+12
-6.601974282639037440e+17
-2.977684049464307847e+01
-5.711884563829638865e-18
9.749986649201550003e-14
1.142851420611751018e+04
6.991901785510446643e+04
2.453718588800451886e-05
-2.761176296302273870e+06
3.675848048239891749e-13
-1.327264009504277496e+11
7.865373115258532948e+23
4.628431721861185156e+13
5.677220521595909961e-08
-1.025207150478178730e-04
-2.260327896802332391e-05
-2.443269375098099605e+00
3.778089235333464000e+15
-6.571114590329620819e+27
-1.108830741498288033e-16
