100 3.95e+31 2.714943790706148552e-01
1.813727630235483870e+07
-8.851939697164004517e+10
-1.379011636396446206e+25
-5.569168910631917413e+01
3.073603555841601250e+14
-1.337052323931839250e+15
2.814207391720116035e-11
1.384770767715133429e+08
1.557299234016741585e-03
6.873798288157116699e+10
1.802900214833251803e+28
-9.419032969259783626e+06
-1.585313902886114311e+10
7.293550496457700195e+11
1.048504310545709621e-07
2.748720526640658750e+14
-3.339080420602375057e+02
-2.888108729443258792e-15
5.481057970731048776e-16
-9.387008561534380913e+07
1.940345479901992715e-04
-6.049947090328530747e-09
1.684887112791233759e+27
6.301826186635127669e+03
2.896806193207784176e+09
3.116737355215772709e+01
-8.628392593830365165e-01
-5.891136394208326340e+08
-2.031649556385234755e-06
3.478342170719915885e+04
5.726691302910798645e+10
-1.166729137068958625e+26
-1.814733598949052416e+18
6.028162497862343361e-05
-2.063728272682607914e-17
4.738142819441884640e+05
1.384254355016284180e+13
-1.205024276451081988e+01
-2.151449335538743218e-07
-7.891441958092583716e+07
-1.324365296159787329e-09
-4.046119640251848381e+06
6.033567485239966794e-06
-9.085450639083668186e-10
4.819800553052941895e+10
-2.012000925698129947e+02
1.788111873523921715e+19
-1.749334537803431955e-03
-8.091001670283803711e+11
5.020580576115720053e-09
1.696418648649442023e+25
-5.334288790387430436e-06
1.974955461138824324e-13
-6.822107560902424118e-18
3.201449769879295312e+13
2.358064469015140574e-15
-2.323118084976599052e-19
-3.487748885916145325e+09
-1.343576277701676250e+14
1.292874811883214533e-07
-1.248605730671865782e-14
3.497949411580988453e+03
1.776450543678665161e+07
-1.811521643935111630e-13
-8.625599270110315047e+02
4.101017383381122635e+29
-1.595747099213382295e-15
-3.630571106794819664e-11
-5.366332278501135667e+30
-9.616388068613610557e-11
5.951006069712687744e-19
4.638460773734609521e-02
1.213750956985269931e-05
-3.262392175795395582e-17
1.212329929530422987e+02
-7.004590797669400927e+05
-9.748724018773045312e+13
6.983482601301464700e+26
-3.058060102505727462e-02
5.127978609427305298e+11
4.935931802353545589e+30
3.397070186741543552e+01
-1.864113241643153637e-08
-1.653490194546022163e-14
3.064241503803057376e-01
1.122517963046959085e+04
-1.090473072554883712e+18
-1.522347704896829816e-13
-3.463952625041973114e+09
-4.184092573976527341e+00
2.987895331304615638e+02
-7.180362126003288574e+11
-1.015567931980093791e-01
-7.240212556409342248e-02
-3.089980801464693500e+15
1.632667357717248000e-10
-7.475985468574251891e-02
4.822193389159141779e+08
-8.831635983776940032e+20
4.096193107903881476e-18
