100 9.82e+06 -2.016100630656526491e-02
-3.952591187381773052e-13
-3.884230463650168150e-13
3.220877362439547869e+04
-6.167547692544719240e+01
-2.444715354613127685e-19
-6.894643930947444460e+04
1.439463907214322091e+02
3.700486196564813926e-18
3.184512666672484973e-17
8.004732943137779157e-13
-1.765031543345162435e+00
-1.077772145862034563e+02
2.863724510206311913e-01
-9.863157025578973558e-01
1.394678613456458958e-02
-4.480387177785347119e-01
-1.208806571768239292e-14
6.811916105899215035e-01
1.187699605786286305e+00
6.945323192355673594e-15
1.050685027944117600e+01
6.456712756116633045e+01
2.212247311710941347e+02
3.983267522958917062e-01
-5.994774414629510773e+00
-8.702974554758005933e-17
4.244250344692185713e-16
5.879026005173294607e+02
-2.726750537701119975e-15
-1.053794515547835585e-16
1.502916796003812249e-15
-4.264516137593239364e+03
6.450768029830751038e+04
-8.696349375473080556e+01
2.146520547430591748e-19
-1.581474400775244018e-16
-5.039357142910905841e-17
9.190853289551590521e-14
-6.249238248355992198e+01
1.111915862508036543e-13
4.973419650026213382e-17
-1.001306003557545097e+02
1.687112667044205466e-15
3.360688966737949691e-18
8.942902920055621069e-03
4.242475458723387050e+00
1.393125066937146186e-17
-7.471258877247569785e+01
-2.396970612433892140e-17
-1.558159262428106118e+01
3.167189032225641942e-17
3.451011311534242607e-12
-3.496949499652892968e+01
-2.068025315757322893e-15
3.111334150579224200e+01
-4.322736171194342125e-15
2.782743246743044317e-15
1.525495160753451426e-15
-7.366918871139517933e+01
-3.068280351036735368e-16
3.077473549243868733e-01
-1.264411932672454872e-15
-1.264298155927550571e+00
-2.250662789196035010e+04
5.777995668759302845e-16
6.340699248824575364e-17
-2.579906521915753729e+03
1.442748078014168076e-15
3.256682748589999530e-17
-1.919725438424986516e-16
8.281576124673408302e-16
4.962680424224700867e-20
-6.686707154347351079e+00
6.158370246024504446e+00
2.583721142089365059e-17
2.677787315571086202e-17
1.044005134634678456e+02
4.442762345587549649e-02
7.487081669265517121e+02
-3.928027582726500100e+00
-9.658496672356877699e-01
4.878264666733438200e-14
1.146455730100067294e+00
3.355843123603940970e-15
2.795873512304698920e+02
1.451878196677638308e-17
-2.249389780220667490e-01
-2.014211792105602417e-01
2.123642609148491267e-18
-1.299995585557273578e-14
2.272584998365635194e-17
3.242704362231848054e-17
-2.980844222963488289e-15
-4.770089130674437516e-02
-2.888438565901187416e-01
1.873417225706236877e+01
-5.020041992887456672e+00
1.642598125647382945e+00
1.623287224267084107e-14
1.497834518653689950e-19
