100 2.04e+17 -6.220389812940256835e-01
-8.800070603604352073e+03
3.019286576207819671e-05
-3.703815269958529943e-15
2.030897621277333309e-02
-3.015625580609182500e+14
1.707119889045977983e-12
-3.061178309821605339e-03
4.291596152543289795e+11
-6.310904289083771200e+16
-3.782792287040683377e+00
-2.680818972019683697e-12
-1.547245011371786474e-16
3.644352217286786895e-10
-8.700452857757516904e+05
5.726997203259032965e+08
2.422231604522027016e+09
3.139531601924888067e-11
3.127406319330653831e-15
-1.127491266990068368e+02
4.020953561374979963e-16
6.070027973487479755e+01
1.652901598284379578e+10
1.413858231602017668e+03
6.167517937754334400e+16
-3.218662136044110333e+00
-2.777268668657739758e+08
-6.961364077568537232e-13
-3.082998144647130203e+10
3.251277832029765058e+00
3.141110077232753510e-16
-2.535550776656615784e-08
1.558971638964941698e-11
8.752671983102755160e-12
-8.183342072412958078e+04
4.852523536127897387e+04
1.600174703413552410e-10
-4.369834563395986428e-13
7.994568070444408804e+06
8.347582281001778028e+03
1.500035407617816527e-17
-1.910752437237219770e+00
2.543753189057120573e-11
3.442787618214450195e+05
2.649695533141627379e+02
9.649678208152612235e-02
-3.177779197963504387e+01
-7.139026367209920813e-13
-5.103456219032200195e+12
-4.230583157927577886e+00
1.289260549986338615e+08
1.385601080129603905e-11
1.157843792269815318e+07
3.623126121515597511e-14
-2.814289389321743511e+05
5.869839398862072930e-15
-3.162059745892510598e+00
-1.038225728139629355e+06
8.512819000733472547e-18
-6.521801058018543451e-07
-5.830817572750161635e+05
5.669426578301336616e+06
-4.496060376061878204e+09
5.198172548091362234e-16
8.793201833868012388e-07
3.033747009880424228e-01
-2.129484306398603167e+03
3.239808857285188282e+01
1.625763102871391197e-01
-5.924036965768391471e-13
4.864443404065335190e-14
-1.884006687019662187e+07
-5.984677585548814021e-11
2.335878808415472511e-17
1.172282833514454347e-08
9.172730211272198565e-15
1.127302094895054172e-07
9.626272883980329517e-12
-7.916685055474854948e+01
-4.672030718905257061e+06
-1.547601130366322487e-15
-7.731130383094149693e+03
8.317115065521993684e-14
-4.700009829615037597e+04
4.445996893818744411e-01
-5.972106738288735156e+13
7.316968163964276073e+00
-1.027416548369238569e+02
1.660343094757270567e-17
3.324722977347273696e-07
-1.124740175524432170e-04
5.631081991090904746e-11
-1.370245761757055317e-09
3.596521687004396319e+07
-2.889150599801998585e-16
-1.889414917787855666e+04
1.799837351082240500e+15
-6.775288870038014983e-13
-9.005712764971648391e-17
3.004051576804136614e-10
-3.937087241323042235e+03
