100 4.44e+01 5.724931025782822314e-01
-5.235032093427251767e-17
5.505494819670086332e-02
6.686885572321628774e-18
-3.557778995045803812e-17
1.406928452226073323e-01
-2.199771373484860071e+00
-2.577844264258646878e-02
1.819716570562734947e-01
-3.106155743960487956e-18
-7.858468714395683155e-17
6.328505223428205722e-19
3.764606120222046949e-18
3.227411325605787860e-18
1.809694625664406142e-01
-2.122653838090991307e-17
1.200396190119296710e-17
9.046918211444050333e-18
1.488151313333722359e-01
3.988122305368327229e-17
2.741572891102873662e-17
-1.085046177960991676e+00
-3.157185282962779722e-18
2.234674727214970846e-01
-1.458702512703053678e-01
2.496648426105893394e-18
-3.604902027370715523e-01
4.375488309398481435e-01
-2.733684679102597492e+00
-2.959340945158363343e-17
-2.587948618501577092e-01
5.435235803977706004e-01
-4.554126361345243292e-17
-8.866971817529294420e-01
-6.885769338678349172e-02
1.771511131751146826e-17
-7.452787508667553794e-18
1.845715893373132740e-19
5.551774239621250436e-20
1.519475488502017024e-01
2.148455800425833062e-01
-2.443251283495283102e-17
-5.721205558855691528e-18
-1.343595821866230868e-17
-2.855025707684598139e-18
-1.586502307923821908e-01
-9.751098660270883789e-01
-1.543743229115723928e-18
-2.301316743666880979e-02
1.281037696704008607e-17
8.455637229661844499e-18
5.891607384518333240e-02
8.263224341453089261e-01
-9.421083726250026387e-19
-1.502069856010053162e-01
1.078691069548500575e-17
1.299369946778637643e-17
1.025752029450778188e-02
-2.491344854954695801e-17
-1.260683875065107262e-01
-1.098385024695445451e-16
-4.859754044546595875e-01
-1.006047149040676478e-18
-9.730427871284469294e-18
5.760592285038546034e-01
4.504019645845168673e-01
1.041927348753602045e+00
2.118441376111995602e-18
2.789170673845166205e-17
-6.297571370034226352e-18
1.191105003114880656e+00
5.230083207873716338e-17
-3.827164446321824444e-18
-6.595451424839425149e-18
6.591654781638106586e-01
-8.698963262602499317e-18
4.310765368130797109e-02
1.036790222918960280e+00
-7.198078883660223859e-01
-6.908204756326856710e-01
-2.242652296086682567e-19
-2.615054405458310249e-01
-8.411332120939615797e-02
8.500799587511492783e-02
3.527968610858826792e-02
6.628409949320125394e-01
-1.887842801172288734e-18
-2.732958949015669945e-17
6.174984451235788763e-01
1.424400275049900522e+00
8.296896962877266246e-02
-6.282938590158089198e-01
1.529966131673602403e+00
8.596324735161598118e-19
6.789662356514503621e-18
-2.854754024866718950e-18
-1.340032567339179970e-01
3.027613786177671527e-17
-2.327294966520638553e-01
-4.405390472153514043e-18
3.969292630158080537e-01
