100 3.61e+08 7.925604332764857318e-01
-5.399036182247444060e+01
2.333026403861629311e+06
-1.814444640925774399e+00
3.365154489384224095e-16
-4.793585983727088347e-13
-3.827565157854064515e-17
3.561621877156304067e-09
4.171825769830835640e+00
1.418217782042606847e-09
-3.393385444186593531e+02
-8.131357036240467551e+01
-6.965759853049512458e+02
3.846126928845869202e+02
1.683492858284507720e-17
3.568479419618030456e-14
-1.181404277681960775e+04
8.048372601346239890e+02
-1.080804061264598810e-11
-5.704074772129433768e+03
6.652619800423707813e+07
-2.803962591717625737e-17
-3.046599000895523616e-11
-3.867791720330804254e-15
3.746079873527662585e+00
3.194643015982519976e-17
-2.122894727392439673e+00
-6.514385521384467369e-14
-2.536022422148257194e-14
-6.962493982278282490e-17
-1.881053402028634947e-15
-1.236280702052518569e-15
-3.129985703652395413e-15
5.599434512788855551e-15
-2.258234584291693948e-12
-2.201329457331381293e-13
-1.508448215369886439e-15
-3.912489758140080422e+07
7.572639613279603655e+05
2.442545859771885909e+06
2.163973436833118740e+02
3.119525476475915227e+01
2.573265989848673635e-15
-5.250704640625933450e+00
-4.027702846818380058e+07
-2.651154794785528858e-15
-2.184633086887251677e-10
2.523590189357277549e-09
-6.339380640718241036e+07
7.037280265831175447e+07
1.016297235284734052e+04
-1.181237934799338850e-14
1.200632965184677747e-14
-1.310819223131121817e+03
4.941969112490945690e+02
2.590917340230600203e-15
-2.112870813606440228e-12
1.492415972739954366e-14
-2.760083206768211889e-16
1.718268820025905734e+04
-2.601571886949132996e-09
4.193662578461311568e+03
1.359697728091724400e+00
1.915871004972273635e-16
-4.030942465190486956e+01
1.937191330832388658e-17
4.308696624847831117e+03
1.384571962512404577e-14
-1.132030279502981784e+02
-1.941652067643310293e+05
-5.759246876713544516e+00
-4.556482334183324565e+04
-7.735612297689402415e-18
-3.973000750494804123e+01
-2.447548422225472452e-14
-1.666553413232238972e-13
7.651995421789968532e+03
5.939982181794344215e+05
6.211079538965911833e-13
1.178036205044760364e-15
-2.205820192288514959e-10
3.524711219094932013e-01
-5.677542865066618349e-16
2.109004735211994972e-09
1.910979346255775511e+02
2.967461029581327807e+02
3.423179197696077480e+00
-1.173930132736540044e-16
2.372161123844583505e-16
-5.652229713402043967e-13
1.345618746985703922e+02
1.206199044081893135e+02
2.172291355833898407e+01
-2.795708282989447735e+00
-8.923524030206485236e+01
-1.636507272327927058e+04
-1.143883955041509553e-13
6.052932633484089386e-01
8.396048258427082089e+01
1.122667561550665660e-15
1.103368058723290289e-14
