100 6.82e+38 -3.121550659544990733e-04
1.209702690469303670e-14
6.539817777233364188e+27
-2.524229212942365408e+08
5.043149930770965524e-15
-3.533756310315334659e-01
4.971723568308182373e+11
-1.192440562018398805e+29
-1.751362280069315602e+02
-4.724509586210119887e+05
1.065071382484898141e+35
9.674152733844421093e-02
-3.462706851515229815e-10
1.514700829369757515e-15
-1.080332143750828857e+11
-3.514411633304013601e-07
8.627622986141662113e+04
-4.581995553566275000e+13
-3.673291783072555106e+00
-3.022172774180280045e+06
1.355450199844650624e+27
-1.827037164474747399e+00
2.260254691900574609e+13
2.527977713789241956e-13
-3.457696908401487126e+27
5.289761294977615404e+26
4.240833777913808594e+11
-2.178900820308816966e-05
-7.730178350930509623e+01
-1.215677680676204605e-05
2.138353412673003051e-01
-1.201618606318051131e+21
3.758919144739433472e+18
7.533269514035723091e-02
-1.102152669923259225e+02
1.111413840287371200e+16
-2.602307755543688049e+11
1.300854710111713302e+03
1.056352687202983936e+18
-1.330835995936716978e-11
5.935604769241930664e+12
-9.264401208199180895e+34
3.993701010875444661e-10
7.924838346412950429e-02
6.176825772877314735e-18
9.140517474658424979e+21
-2.184998741333567488e+18
-1.219522100346325897e+05
-1.548394912339234725e+04
1.883931574773700257e+25
2.819713370633742188e+13
-9.069270277872326864e-14
-6.924953018646250725e+09
7.207913891347225599e+30
-3.855927161957073000e+15
7.701693924823243000e+15
-7.475864141677300000e+13
4.585310287679242669e-14
-4.334399498437242880e+17
2.425431744754291698e+07
-3.331069239815073413e+00
-1.152294786613686569e+07
-1.412263070705611767e+02
7.480914387122635872e-17
4.115043258033927644e-04
1.883321359232654040e-10
1.055838611462574200e+16
4.717779328169722110e+06
1.951995149709657706e-01
-1.438309768099818624e+30
1.885587152030143738e+10
-3.728372463794099375e+14
-1.061459979388291821e+34
2.054310799170000000e+12
-7.159105026738150400e+16
-2.907636132444733532e+33
-6.111851322601962496e+18
1.213552674518654566e+19
8.019479800388623588e-17
-1.660070612093328857e+10
1.038872558404615662e-03
-6.994611966181993323e-04
-4.409384874086081997e+26
7.605192060000302445e+04
-4.240136875203154500e+15
-6.828566521212482595e-08
1.578750739479795051e-02
-2.223305975722269068e+01
1.874576450274967000e+15
2.094254484201927900e+09
1.491783448508933500e-17
-2.410664816572552309e-10
9.437422139067118678e+02
2.565243790596733788e-15
1.337057663841575012e+11
1.262407035309580567e-07
-3.514092065878067017e+08
4.806095065125839418e-09
-3.465451446933725239e+32
2.460783995192079132e+01
4.786899640389580727e+09
