100 1.64e+23 2.818679374616279709e-01
5.591087505915865050e-11
5.237497124363796530e+01
8.490527879681053491e-02
4.783361550513864495e+04
2.102173860643289328e+09
-1.263427300711102959e+02
5.699909453789463120e-09
6.422500257153896891e-07
-1.249206593816981912e+08
3.396298878856041092e-02
3.827913331036236923e+04
2.525682288649883652e+10
-1.260713324223252174e-15
1.783421263940651562e+14
-6.234232431252099195e+04
-8.547359052369639277e+06
1.377054760344085047e-15
6.935767278154642099e+02
1.169182047769320195e-11
-8.195668000425728223e-13
9.399303407017677118e-15
8.979711386572828778e-18
-4.241360764144142866e+08
2.181195455664579464e+22
-6.819411571232103597e+01
3.386246237627261180e-01
1.410953083708094619e+07
-5.461685866205343628e+10
-1.935152439197227783e-15
4.813494512257157600e+16
-3.385478205007128412e-18
-1.912322172983396484e+01
8.641123839765411615e+08
1.869232222578733490e+04
-3.303948272112961631e-12
1.437425417397881370e-17
1.744627713219221299e+19
7.758611442516313400e+04
-2.306641426181815848e+22
2.088614128153055906e+06
2.020692040548905943e-01
1.865035082877570527e-08
3.044431701363599925e-12
6.720796620578770450e-10
5.112697628320625518e+04
-1.029576580115846080e-15
3.963659624882205027e-04
-6.603993573523082031e+12
-2.088721753374382388e+05
3.792729561112372361e-01
3.010773901058651772e-13
-3.094563583631856907e-01
-8.197660509273257048e+04
-4.277015803192586540e-16
2.753590898664697306e+01
-2.336236644834956646e+09
6.198566487694089271e-18
-1.488332168780115978e-12
-2.349730529945562891e+13
8.497913621007833008e+12
1.822424511983900146e+11
1.292281181882057317e-03
1.657455217471375130e+07
1.172698434502106466e+04
5.634841073468051000e+15
-4.947022030960416729e-13
5.403679203564586836e-03
1.248422577087334051e-15
1.066207227438381020e-16
-2.116417968133110946e-06
-4.635600780536314972e-04
-8.843084481333895462e-11
-2.297845598976451438e+06
-2.364918173298178434e-08
-7.397077022636738164e+00
5.297465433706797941e-15
4.792233778193300247e+09
-6.861329648069386167e+00
-7.133478158061653376e+05
-3.488298061957410422e-06
2.832224687134152172e-08
3.112752980305072640e+17
1.780197110749535923e-10
1.010661468610576821e-08
1.850231388860771915e+02
-4.252361264323851094e+06
1.160899195419402830e+01
-1.118140628534264752e-14
1.214256709339236008e+21
5.804173175641074700e-11
-7.528842569561048003e+04
2.239151672019668173e+19
-2.009729801357673750e+03
-9.095931435935106924e-10
2.667014224084135776e+02
2.910911015111564232e-12
-3.206396117174055689e+03
-7.927288460050065672e-13
-5.562877790503970877e-08
-1.170608550827956060e+06
