100 2.17e+07 9.014017555481250443e-02
5.447501061808388913e+05
1.208004773479837895e+05
-6.963153146846278105e+03
-9.167054917411491033e+00
1.011514279385887782e+00
2.505472719588406338e+00
-2.460927884997583957e-14
-1.277341488326073686e-17
7.688049837711857792e-02
-1.110019255921905176e-13
-7.658694894243234806e-17
1.683988154355277701e-15
-2.138147634598921911e+02
-4.058632139415580931e-15
2.065527542403506049e-13
-1.903491509430404793e+00
-2.353919470600172767e-17
-2.425128166231585070e+01
-1.489428330377671500e+03
2.721446576299613807e+05
1.063839374671499052e-19
9.095744753033522107e-17
1.465718232708400421e+02
-1.139864709829697276e+01
-1.567254289031619464e+03
3.848136038540636861e+01
-1.603956014884985388e-11
1.401099885171882136e+02
-7.730764570504914736e+05
-4.167268259801688935e-16
-2.222619136231549107e-15
-1.858175751672500046e+05
-2.312575320529255956e-12
1.682123296674091431e-17
3.728605630839664809e+04
-9.725866096686773821e-01
-1.019330513085773113e-11
-8.558780348982720225e-16
-5.867019483162500499e-16
4.260329656385451988e-18
-3.670295974599992732e-16
2.099428020699167234e+02
7.079105016340726922e-18
-1.919154211182884371e-16
-8.420175278737023916e+01
-2.971959158853481819e-17
1.620631862571030093e-13
-1.543857032200294270e+03
2.476515396982671646e+00
-1.057757873382145722e-16
-1.409130229524559095e-17
1.426847888677722587e+01
-1.005573937661248093e-13
-1.862175386325158783e-16
1.119662980370869377e-14
3.584658611503891932e-17
-1.197320629853608738e-14
-1.011623492013960401e+01
-1.160666454224741257e-15
-2.197980503824363154e+02
2.779462390393973079e-12
8.245318164732400214e-16
-9.442470991812413055e-17
-5.883101220878452887e-17
-6.293557511336355466e-12
2.739781428134397743e+02
-1.116321045311815396e+01
3.885950400240878231e-11
7.610557672808153506e-17
-2.009473975797001266e+00
-2.127019374663884229e-15
6.437136114883156779e+01
-4.325606396464763785e-16
-1.304075521572196332e-14
-1.136760469272802646e-15
-3.792548609584163728e-15
7.121493195933852860e+01
1.563918658393439287e+01
7.193811699470244321e+02
-2.171344810105446221e+00
3.287618312674886836e-17
-1.242479933777824858e-14
-1.976430304552314965e+01
2.338418418170564163e-14
1.226376002273709176e+01
-2.647515906621028989e+03
2.967441422750447533e-01
8.492809494479481311e-15
2.398310020991830172e+01
-1.857360221957036733e-17
-2.995134001024839563e+03
1.647825865893033637e+01
-2.862128280098142404e-03
-1.663213308652057298e-01
4.917016263458757737e-16
-7.373065996346387152e+00
-1.195959911233531336e+01
-1.450629798941005744e+00
-6.586522952289666222e-01
-1.540568379341283878e+00
