100 4.08e+12 7.771336724756341408e-01
-1.186544433772645473e+09
2.056451867378642239e-13
1.639930479043232337e-16
2.925449516640492789e+02
2.378439368563749117e-17
-1.680348893386352211e+04
1.940391558852787316e+07
4.155602868211200503e-15
-5.237983268665193037e+00
-1.502328574218273118e-15
7.098258507971036413e-02
-1.558577743485089600e+12
-2.059039705726622620e-16
4.473097664610131760e+05
2.431067228511525345e+10
6.687291244358042959e-17
2.906288400327753368e-12
-3.371343028154101194e+04
4.282071367924656764e-09
-1.315965153161571255e+00
-1.844584153245509238e-09
-1.424226955114956856e+10
1.919561729804642596e+02
-5.051074714816347060e-17
-5.122469410020633246e-10
1.885583688127304451e-15
2.206339780011508213e-15
2.457416135197948037e+01
-5.327471176591151237e+09
3.464936075671841991e+02
-5.355159714529091685e-07
6.161037788931285952e+00
4.425845676088105059e-11
-5.411987742830831528e+09
1.615233258013004449e-08
-3.290683362652854882e+00
3.881963440620100591e+05
2.320871623889886423e-16
5.481315660804462386e+05
-9.155151171718988031e-05
-4.638888412381449963e-14
5.866133927492217161e+06
3.587654509573621303e+07
-3.933232080998087099e+01
-2.207692508144104795e+05
7.952501626455676160e+03
3.190634472859009141e-01
3.205644544945545496e-07
-4.635910174752431147e-14
-8.456757008267219135e+03
1.401131610796445591e-13
-9.529249072064563632e+07
6.078291374025348522e-12
-5.682673855116056529e+02
2.966068281624344665e-11
6.248603490534584187e-18
-5.732137303311453207e-08
4.688179228209072113e+09
4.094127786526330560e+07
1.661871309187758414e-13
2.793159985955724007e-07
-5.584243662619306401e-13
-2.039308455852277908e-17
1.329550634945373210e-11
3.480721320184841705e+00
3.497643119347472406e-16
-7.941430573522893610e+00
1.450400715537944234e+04
2.091083498414543690e+06
-1.196511851435016570e-14
-4.472790455269179074e+04
9.431079616201128374e+03
1.385044754411867689e+04
7.847371006711790642e+01
-1.617720112971590048e-14
-3.702103460728462960e+04
-7.987500511010852690e-13
-7.448354812570083175e-13
1.572591367104917091e-16
1.816988690389993717e+05
-2.026694268352887444e-16
3.862195660151618653e-13
6.611718812285384571e-18
-6.745847753317147699e+00
-1.051388253242147967e-12
-2.259709713397035102e+03
-1.080704166150605374e+02
1.555737030138336182e+12
1.905167600931213395e-12
1.643884635681908240e-09
-8.555450758489403507e-01
1.658559048344554564e-11
-1.053705739480319359e+01
-1.854412202142103450e+00
2.094108534066599474e-14
-1.421557307865792693e-15
7.596647119552096683e+02
-3.389459393726337941e-12
-1.899680031521825026e-05
-1.293570877679814999e-06
