100 3.51e+22 8.810275276027724756e-01
-7.215228594852441896e-10
1.615836344179183124e-10
1.661752365275070071e+21
1.298860147247970977e-12
6.663200743889909792e-14
-3.519647832690374526e-16
4.295171730219209182e-17
-1.647024640087459103e+20
2.353533020766022382e+05
3.214063707623736828e-14
-9.206942360446495469e-11
1.612807138170748800e+16
2.331664879643945198e+00
3.264567238939783419e+05
1.959386230778924359e-07
-1.894277548273402520e-16
-1.324873248294031769e+08
1.696261390647947260e-07
9.558572948830918000e+15
-1.463458971766477091e-18
-9.990017037622707430e+05
-6.782325107527448021e-15
-2.633072399666107953e-09
-5.337864546855897743e+02
3.400588849418815613e+09
-1.641205714445320740e+11
4.549259848539534211e+07
-5.855050694442958718e-15
2.834860574147592072e+00
6.528704544747387928e-02
9.309676799535708813e-01
6.196120173370686845e-15
-6.180993257928472673e+01
-1.203028967449955235e+04
-2.017933501227446463e-18
-1.275852609224156477e+05
-5.146020783743949141e+04
3.319882849268888071e-14
-1.293927932374951430e+06
1.731922783174568571e-10
3.590732222884077601e+03
-1.028048287059443077e-05
-1.206258058901472045e+22
1.800068762089548691e+05
-1.445485093911693058e-16
1.681818819469111740e-06
-1.292315786125607014e+09
-3.051294909118011507e-12
-7.392266804165744887e+00
-4.988683230269050598e+09
-3.989988481006298042e-16
1.570395842534413077e+03
1.448098648049795938e+14
6.313526673396948397e+00
1.199510535841984971e-01
1.376577350035122946e+22
-8.679359432911903482e+00
-4.262515641804122162e+10
2.258998935547711362e-01
6.114315771251362730e-08
4.337786007320065806e-02
2.886693462778293338e+02
2.074371608034373675e-13
2.366952987714723318e-11
-2.135420140573770646e+21
8.322163683971703750e+14
-9.359855101550147291e-10
4.943915081978598195e+19
-5.525552581028026179e+04
5.703436646894630940e+03
1.804287866619648071e+02
-1.846587477054848631e-02
1.261407635172573334e-15
-1.337352885088417679e+04
8.220578248056561961e+02
-3.112370624198786449e+06
3.824540826473743320e+08
5.646273490902906644e-01
-4.979335300213772852e-17
-3.416172621346811223e-12
1.432035624853897673e+02
-5.379438512645518407e+06
-2.761730375416225343e+03
-1.114300562967625597e+21
-1.311798471007636935e+07
-8.523442026590165316e-07
-5.445544698323747783e-07
-8.018213527529561543e+04
1.173361288667133716e-14
3.134244296767711639e+05
2.092051021398156738e+10
-1.005313344032898385e+04
-3.388605158204544830e+10
2.586385570869828177e-08
1.207668427851287600e+16
-1.374575895447186661e+10
2.416263129938594840e-12
-1.072234390270333446e-02
7.986487689718307469e-14
1.534001113151337668e-08
