100 1.14e+08 8.079751514269937207e-01
3.214119889977682605e-16
8.930517090905248993e-17
1.720503801729248538e-16
-3.454071421120372601e+06
-2.707812648090749476e-11
7.540365862761605455e-16
-8.729759156259469819e+02
-1.621337964910610768e-13
-1.109105944831183411e-12
-2.615501068641030994e-12
7.614663097645384303e-15
-6.125986654521644602e-12
-1.092865431736769088e-14
8.191211870707254994e-14
1.833069724764426092e-16
-7.468835205059963535e-14
-1.023299890248882882e+01
1.662950482471295118e+03
-1.842912362423757157e-18
9.300797881480744600e-01
5.452609369649739626e-16
2.961234609110312534e-12
-1.542314909555235205e-16
3.211788438914916971e-13
6.237860574218261984e-13
2.859173074942900712e+02
-7.212281064248620623e+02
-7.378026461901496165e+06
1.083323943831541613e-14
6.650748638276827715e-17
3.472783964151865075e+04
3.359162979577765551e+00
-9.443753780670082051e+03
3.526003121178338188e+04
4.679514371515776694e-15
1.500545731818879247e+01
-1.496485386710130842e+04
1.984465748494999571e+04
3.329300538634090856e+01
4.689054762434283674e+01
-5.755948252261835485e-01
-1.230843227039853183e+01
5.509093905426071502e-16
-2.303136048434541294e+02
-1.474716084149899302e+02
-1.339991186149476334e+02
-1.341708818635265111e-14
1.608200270518071612e-17
1.658978251316836577e+03
8.442341279028147505e-10
-2.205994289633829030e+05
-1.766467215017539871e+01
-9.041961212094005162e+00
1.428819400646306406e+02
1.604647417068713722e+00
-8.492515752082098639e-11
-1.018485552154389310e-16
3.734467334191217669e+05
-2.893486927070794991e+03
3.015023896245055933e-19
-1.177360756331213842e+00
-3.426762547686670944e-17
-1.660635408179856953e-14
-2.966346323380911087e+00
7.205164972327007545e-16
1.184261574402502447e+05
-3.098115006489641221e+00
2.016964086711097366e+02
-7.436647617788960180e-13
-1.006664871462957308e+03
-8.974649928854585141e+02
6.093088943953206105e+00
1.876030569006884599e-15
6.058937792136615889e-13
3.490096650803130160e+03
-2.565360098670388695e-12
-1.414964911383724983e-14
-2.307939800764582946e-19
6.536858962017843554e-15
-2.252920637499167571e-16
-6.554583610596225185e+00
-8.762819825103040785e+03
1.042649800312920938e+01
-3.495970417457765341e+07
9.388173181305389153e+04
1.211583902437337963e-15
4.858194830900894222e-16
-2.156995734585717694e-02
1.244191079107976156e-10
-3.954666894405348285e+04
-3.432123772527465366e+00
-6.444822937855795531e-16
2.958251949282743942e-16
9.926597295645588966e-13
3.295668435965292548e-02
-1.272925283518618572e-13
9.558236897134476419e-15
7.700239014072300535e-11
4.542596986754061282e+07
-1.702610517714319212e+04
