100 3.61e+06 -8.278563132084073573e-01
8.574576895383156927e-02
-1.484791113352398830e-17
-3.660556744759347193e-14
7.596386045885361964e+05
-1.073813850686093319e-17
6.636371057479178999e+05
-2.044732556642142818e+00
2.304306037686058948e-17
3.136484416291958155e+02
1.245773358423008631e+03
-1.048996196557806115e+02
-2.857166224588734593e+00
5.622342927649571608e-15
9.155521789954808582e+02
-2.774413868548316061e-14
-9.323050134567894531e+01
7.450963982452327281e-14
-1.507368235957210061e+02
1.693454836139927693e+02
-6.170392828356643440e+05
6.390896299437870312e+02
3.519334960272291202e+00
-6.156878045119191256e+01
-5.977549062351981496e-14
1.682160529521900827e+01
9.318824378415563842e+03
-3.404016464178444249e-15
-1.426707125165245526e-12
-6.433816241687428673e-17
-8.062548092812324285e+03
-2.586864919148272293e+02
-6.949424043953333694e+02
2.780055131038355649e-13
1.123086610760271178e-14
4.782084710988137953e-15
2.741544593728624022e+04
-4.286298426349485394e-11
-2.262198199876480048e-16
-2.657465580617931685e-17
2.386698581000155528e+00
4.297325885793679134e+00
2.487894752975051897e-11
-3.349151583128014248e-14
-1.096141728962912794e+03
-6.588597755592786598e+01
5.586067220488108472e-11
-2.680452877852823044e-15
-2.797295042177291934e-14
3.649407357321118525e+03
2.176985107795212334e-14
-2.899706043378931781e+02
-1.146400764209604350e+00
-5.933756019679770131e-16
-1.363987177061035922e-14
-2.666301447760987228e-17
3.985587846640181851e+03
3.267023028994359936e-13
4.446613249385148379e+02
4.485218780430519914e-01
-5.683723531123206158e+03
-7.348323281857107592e-01
1.894468312556780916e+02
-5.483786850461703414e-17
1.891652339186676769e-18
1.090471736331250140e-16
-4.018836411170383520e-16
-8.868421084457803092e-14
-2.511747967375649777e-14
6.659288344414660670e-13
8.828791466377667638e-16
-1.758774339318942921e-14
-3.670594022024482504e-17
-1.246938982847972669e-14
1.326371491207443114e+03
-1.803058444866283067e-14
-2.729252426966136227e+02
3.838985356088058231e-16
2.090660121743211164e+01
8.016102292107253285e-12
-2.032966178930045942e+00
1.018588537082710172e+04
-8.424088538047442842e-01
5.259848925776913653e+00
1.603051318040924334e-14
4.513029699021942065e-01
-3.220197014343481601e-01
5.607303222529739395e-13
-9.618577288037399945e-17
-4.319410790886522022e+00
-3.766735763165209860e-01
1.012206846262390536e+04
-2.787997197729324680e-17
-1.289369588153704736e-16
6.040736770158621597e-18
8.141898367049621945e-13
2.486437959516043520e+03
-8.618387775037600659e+05
1.346254685546234190e-18
1.427108813315400797e-15
-1.026448164018171560e+01
