100 4.70e+02 9.016608852040594035e-01
-1.931558461659110025e-16
7.066131504827640231e-16
6.284704399720932866e-01
9.766436546768229773e-17
2.022284283074678335e+00
1.844871788480257457e+00
7.459076195510145997e-17
-4.645765979084022224e-01
8.000850652943831687e-01
1.595552803937063130e-16
1.595815715228394606e-16
8.119236818077624418e-16
1.382286485034107004e+00
-8.540740894700636909e-01
1.971942437234098464e-16
2.852782297193273697e-01
-1.866605622138454962e-17
-5.343242271790420810e-17
2.269176338276014615e+00
-2.592451338557964835e+00
-2.174690002091178576e-02
5.567177082684537925e-01
-2.680195533371877286e-17
2.744249636557629956e-16
7.914084188150116189e-19
1.848327131666274922e-17
-3.819033638035894306e-17
1.531253401171444997e-17
-1.186669615960892408e-18
1.670682793399177468e-01
-9.315004497648811110e+00
2.329115233550334008e-01
-1.663496883523598413e+01
-3.545449257728295667e+00
2.200999594223725759e-17
-5.037207287296480374e+00
9.840218442364499204e-18
3.657827166493018645e+00
3.888800997928285041e-01
-2.944089112988374165e-15
-4.397728780679399349e-17
-1.992638904755438478e+00
1.070263662097571969e-17
8.550129025877737264e-15
-3.335706834876624226e-16
-2.415328429357351592e+00
8.473636204730156862e+01
-3.861863522659915837e+00
2.394078282786361594e-17
1.451499254572090614e+01
5.974513570126305185e-18
-5.460865880072125478e-01
-9.992346197618813739e-16
4.675070228221914204e-01
-3.004970290154707513e+00
9.352768472328887983e-18
1.089548122147196985e+00
1.984743506444297534e+00
-8.460661361686776759e-18
-1.077162750206945660e-17
-1.859285977544553897e-15
4.140101252880621363e-01
3.389811562792708344e+00
-1.963634789843502260e+00
1.062105120013035441e-18
-1.406777791609241035e+02
-4.121818743199695385e-16
-1.091479903248927342e-16
-1.100518854343138196e-18
2.549809062918063418e+00
4.689825344292021570e-19
-1.196579876357374284e+00
-1.706926183733801494e+01
5.023731470605760085e-01
5.179345700541911413e+01
-5.729761793457065295e-17
2.565305449008966399e+00
-1.859512744761646679e-17
1.002524647211203018e-01
-4.408093313578806535e-18
2.692900991069347012e-17
1.994574039751664502e-18
-4.067512670093986726e-18
1.773716634375960410e+01
1.712724448009605105e+00
6.732356781866640993e+00
4.960595248302526197e-18
2.049112293289244945e-16
3.096197339939209314e+00
-4.280530541376004616e-16
-2.663616948544045219e-17
8.775870002950577187e-17
3.686999436586334972e-02
3.931805565514524758e+00
5.931620833619543065e-01
-2.725891812408942627e-01
-2.749353287731240173e-17
-9.958128437668648448e-17
1.835602441471979041e-01
6.844602809071105948e-17
