100 8.48e+12 9.038589641102992012e-01
1.855246363347051101e+03
-1.414447968104960164e+06
3.347407865291120524e-16
2.920276050243848145e+12
4.148509583778452594e+06
-1.881772983953610528e+05
-1.645089519813927430e-07
-5.966909430948488892e-11
1.097788341023339711e-11
-2.110192397257331720e+02
2.330072364111943921e-14
1.776833348753805038e-10
-2.325991725170196733e+05
-7.988087106624782052e+00
8.116680838037844126e+00
3.812035052613113294e+03
1.826800527592815706e+04
1.099425909450924554e-01
2.554365957223280503e+01
-6.105983167206627858e-07
2.050677214756951253e-06
-1.915957041557023892e-15
-4.289490732520326064e-17
4.888122483929274604e+06
9.151001107994505279e-02
3.140065114930988474e-12
3.412972989978138756e-05
-7.231554285008504528e-10
4.731269364574648972e-01
-1.293781673009490753e-12
2.425282779466269712e+05
1.996565644185266137e+02
-1.077337397548223407e-14
4.414858484187502414e+06
2.101828490632677460e+10
7.905904709935008984e-17
-2.125686691561336193e+04
3.305043264012347208e+02
-2.516490005707972050e+09
4.885454769039702327e+00
-3.370358218968434811e+09
-5.369573154727135744e+01
-3.898648464692639948e+01
3.039776993597694172e+02
-2.628952426665840146e-17
9.620305600844256192e-11
5.465101406916103836e-16
8.218457715427273031e-14
-1.040218956308663370e-11
-1.265574385202215787e-12
-8.357942341240983296e+03
8.406230840885249329e+10
9.000106299052213107e-19
2.137156923288028452e+02
3.836010782331234077e+04
3.165779402602145076e+00
2.958154346368477563e+05
-2.410407725071595269e+04
-3.507676430726031072e+02
1.165933709819928942e-12
-5.703570774988142543e-12
-1.034542611820530798e-14
1.044440393842024035e-10
-7.206318500912914206e-17
9.297186253134427378e-18
6.137020263922987606e-05
-8.763170464682446632e-08
1.703524468903310848e-11
9.805524757767836968e-13
-1.067377834587061920e-14
2.745297053596357628e+01
3.075502954238730879e+00
-5.488418418257039377e+01
1.358740814870424018e-07
1.072038309008044065e-18
6.233009914825770181e+01
-1.243100585389081622e+06
-2.514139066045074844e+10
-4.687481752482686416e-13
-1.239168442922372083e-04
-2.927379807987752720e+05
1.442745357595176492e-11
2.456106761405474322e-12
-3.800016399584094727e+12
1.338564326188341342e+07
2.712167914380527743e-11
2.704026278665664577e-14
-1.931625676960880410e-15
9.243130342235849132e-14
7.660903411012105644e+06
-1.436315723241152193e-15
1.438214699195721479e-06
-1.645600703313514896e+04
-8.487874301995879249e-16
-1.008469888938984860e-14
3.275132204332285676e-15
5.607924565312628937e+10
2.299105789352540160e+04
7.495770683627233887e+11
-1.079623718920802723e-14
