100 2.15e+11 -5.191071106257285628e-01
-9.357603655465129112e-13
3.671403409283638397e-06
-3.412084862979287436e+01
1.980404008485476218e-13
3.013207621151980513e-12
4.478579387821122282e+01
-4.777198329283540370e+05
6.673049311983139478e-18
-4.171962453132089996e+10
4.016510568577115963e-14
-5.044213492487110198e+05
2.119693757251704857e+07
5.728338495173765993e-12
-3.634500099819887450e-16
2.733439635341092981e+03
-1.891637302185970704e+00
1.428467202095225161e+02
3.782460320979096480e+01
8.662458102171760856e+02
8.253718720902924542e+04
-4.910338724611868315e+02
-2.516680248334355383e+03
-2.327674282266319499e-09
-1.673471860700650297e-17
-8.215809667036692379e-13
6.379102961734302418e-12
-2.316493252608362818e-13
-1.728797259623942040e+01
5.223480099588060379e+07
9.978980479128165371e+01
1.240580885346483398e-13
1.724529791788456218e-15
-1.085390123432881927e+10
-1.114543245825571466e+04
2.047104677821263855e-08
-1.215383927357475802e+00
7.765537673673369667e+00
-2.712946973583038198e+05
-2.553937884861056436e-06
-6.784467890697670756e-09
-6.470283694086698233e+03
1.837354939710389590e+05
-1.897428305524143752e+03
1.928594984890351867e-09
-6.980399957033955173e-16
1.368017013724802382e+04
8.628268979305900881e-17
1.208958505298073404e+06
6.751456948052579037e+02
5.084336720916228485e+10
-9.384277884610374893e-17
2.666756475413132109e-14
-6.754050363969793512e-17
2.253146735605753064e+08
4.299213862089317208e-11
-3.970967102026701468e+04
-5.243796684774476674e-13
-1.534327029629295265e-07
-1.641596939149533085e+01
9.784642573232468221e-01
-3.218434251622122211e-07
3.736613638793873903e-12
-1.213549844176703143e-14
1.358159428879026688e-09
3.738582729880707264e+08
3.709744311629128294e-02
-7.517662307163206826e-17
5.635716135196828982e+05
-7.662376809819308743e-02
-1.347576687728598772e+05
2.282508246843534261e-02
4.831697722894487587e-18
-3.331705575217147241e-16
-2.091580736398325763e-11
1.089824572385475258e-11
-3.029556907118794441e+09
-2.433524361695704741e-01
-2.862786175894305398e-17
4.436223693788769197e+03
3.902389359400029659e+09
3.515885902008970820e-14
-9.326175590167321161e+01
3.116677069181984067e+08
-1.402542120161978819e+05
3.706171825445305688e-14
1.749231403048349565e+00
3.251870937431880090e-18
7.304757617294947991e-01
-1.438601042149256363e-07
-2.508274630600626846e-19
-1.311639917317288289e-11
-1.343000277031626246e-08
2.191525842348054636e-18
6.312099595299499947e-16
-1.353303903119506479e-14
-1.175154779531106669e+03
-5.001350080626690718e-15
-4.296793333410985294e-11
-1.274158009454266280e+08
5.960589534204412965e-14
