100 2.66e+18 8.537401605561795170e-01
1.520852747827242624e+01
-7.921679652911752783e+02
3.552176887881306167e-12
-1.089703694858073998e-07
-5.204017482685765466e-16
4.961754610231194722e-09
-1.316870586244867576e-10
-1.478501879157208904e-13
4.323080825397864246e-15
8.587880433313810825e+07
2.263016082415637698e+01
1.241270917184508871e-16
-1.408692871767521168e-14
-6.337130476387001108e+05
-5.425081465709744392e-18
-3.577161617754437029e+06
-1.094083936400385306e-10
-1.813371356608008134e-03
2.648313994502823334e+05
1.724074563613612205e+06
1.422079975424006456e-17
-4.199307666939980563e-15
-2.164804213741296705e-08
1.561488410788516800e-13
-9.974845628312580814e-01
-5.298267751228472378e+00
-2.995158585316389233e-01
-2.198379089261849302e-04
1.435344570564223821e+00
3.318260624316353933e+05
6.412134975731918812e+08
-2.035872096990375139e+05
4.868661251118649320e-17
-1.420213066732146103e+02
-1.035728641765085194e+04
-1.126820472118375168e+18
-4.290567372391771439e-01
-1.771978564924762622e+01
1.336671031000947500e+15
2.188779045548534400e+17
-3.452770907146103616e-11
6.374410914908329111e-10
1.578832802112651792e-08
6.428157974548177833e+00
-2.877544339624241709e-15
1.010856665564408340e+07
-3.530841188379759950e-16
-4.346625556828866976e+00
-3.026324640072317379e+03
8.986939738783978240e+17
3.601140364098359470e+00
5.699624630251777500e+14
3.449860303552327212e+06
-2.373417420715823716e-17
-6.095848013156335746e-09
3.556194040883409962e-07
2.882327730378210481e-09
-3.046484081847781268e-11
-6.396116446217683792e+09
8.224668357000851576e-10
-2.807971414254351519e+06
1.703270062650624084e+02
4.575520982451965892e+02
1.599662210758080200e+16
2.333453810626033321e+07
7.991482221732562175e+04
1.327262916457928251e+06
-6.027994118940525502e+07
-1.116332622997631866e-13
-9.868017550721856843e-15
-7.221171772947639522e-11
-4.710420826301164432e+00
-4.172013560674334764e+08
1.803979743002917983e-14
1.473156724096202908e-02
2.007805691424147110e-01
-4.287439468126249409e+01
-5.308603568453270782e+03
4.225045376924450684e+12
1.907746740704964557e-13
1.523313358949723750e+14
2.932410546054453850e+09
-8.811211746943451000e+15
-1.170500269787193272e-16
-2.099129234304837540e-11
1.135983143718991006e-01
6.581470428547420397e+02
1.157952916812022653e-12
1.471171366980032472e-12
1.469935773033708148e+00
6.459809932022815337e+04
-3.955647397304572514e+05
-3.359653068002808094e+09
-2.444944619945593530e-11
-1.011962747389321029e+07
-3.059372001758553329e-12
1.079568195404848384e-16
2.072063144244850304e-10
7.013821583712518986e+03
-3.883870424995900783e-11
