100 6.59e+35 6.439207711881549112e-03
-2.226095092481606445e+11
2.061049337717638097e-01
8.632166459722732405e+21
-8.616227622326207347e+04
5.971493452753076931e-16
2.270995261185083081e+01
-4.658778807779985982e+02
-8.751816943658499178e-11
-7.125540422469392454e-04
-2.342696475477256500e+15
-1.903852593824574682e+22
6.470882674282016488e+31
7.857985932342032356e+03
1.052904549757485464e+07
-1.687724750299495645e+06
1.341612760096447617e+08
4.065241257465908813e+10
-2.121576884879210012e+33
-1.211255165206828188e-01
-5.541714356758817500e+14
4.292556795057477709e-13
-6.344412234840627574e-07
-4.506825903172915039e+11
1.840675509616984637e+05
6.599844889507282946e-07
1.313469496104920320e+17
8.768876390753699290e-02
-7.716835582137846622e-04
4.981993580102226736e+24
-7.988347988552180895e-04
-3.805072903079903734e-12
-1.711195602719255257e+05
-1.349946623238725781e+13
2.590534578743674135e-13
-1.654004431309159600e+16
-1.065955502484783324e-03
-2.094105252057092190e+08
7.153577473202388077e+31
-9.426236085355105752e+04
4.643044363927228000e+15
-9.246683293634115219e+09
-4.184775248727706503e-12
1.001503509395552566e+06
1.274143742891640841e+03
1.760865323998177767e+09
1.917444030047907000e+15
-9.661809800467556641e+12
5.677635638323735307e-13
-4.080601975808452000e+15
1.494692048982406767e-16
-1.874460393248559570e+11
-3.003927314417180176e+12
-6.170113917284946365e+04
-3.951574677330869293e+10
6.272038645146831514e-08
-6.947612330212085685e-05
-6.149092381061347919e-18
6.027684014382983150e+04
-8.777858070781182323e+04
1.106463989675461719e+13
8.626991742281472919e-06
-5.861049519580464977e-15
4.136927177201442873e+00
1.985332348228978845e+33
5.802594701595868561e-10
-2.779511374150456465e-05
2.121521005432201434e+01
-5.660855655037058428e-11
2.689425201775944663e+21
-6.296773832484093864e-16
3.883288157210329865e+24
-4.527011814656466246e+07
3.028635512787141966e-07
9.763446347659692800e+16
-1.146983800453171302e+24
3.023636180530464232e-06
1.013218654646705134e+25
-7.612356840656087875e+09
1.097937916340364442e-05
6.244834672004541264e-09
-9.345148214046517660e-06
-6.730298747458672523e+07
5.906749293487219810e+08
8.900216255778499452e-02
-1.798572771521752140e-14
6.986938961347618581e-14
-6.615510781125442873e-14
-2.495095244706017823e+01
-1.482382267940026820e+08
-8.660016207046374556e-18
6.761755622400265803e-12
1.453300162451471351e+03
-9.652994479935060212e+01
7.390403506056884366e-09
-1.210723807615195774e+07
-6.483878289744171575e-01
-8.266738053896726370e+25
-1.295783444643372192e+11
-1.005161404352749120e+17
3.635130501721608594e+13
