100 5.03e+19 -2.712772394649576868e-01
5.130165228269160025e+02
-4.552905406989020062e-04
1.558507947680026518e+04
-4.725172700235440793e-18
7.011687454629387512e-12
-6.267876756446205476e-17
-1.606054968258019723e+07
1.017226196239032515e-09
-2.314182503725800780e+04
8.127813450750503598e-09
1.626851923640755250e+15
-2.144461645673295466e-14
-3.627780534137935027e-15
-3.197354646197648392e-13
5.526533150033094172e-14
-5.022825698885967304e-12
1.283639715928537428e-12
2.649229437192052724e-17
6.314090181330172345e+06
-4.446140839181154196e-09
-1.034197507380317376e+02
-3.122590609703736586e+00
5.398953754295717772e+03
-4.447038423733721884e-05
-2.585893683628777556e-11
-4.860364510520594195e+03
5.577049931910600280e+05
1.340925662298548850e+05
2.893665971868039932e+01
-1.874391121245086529e-10
-1.180630768013118947e-02
-1.155925698594495178e-14
-1.546147091730523586e+09
7.234840887883142908e-10
-3.570321889387919896e+02
-1.415749303825489373e-08
7.295644791593047168e-10
2.914376568107164900e+01
-9.146093008032243699e+06
8.288627613640177909e-10
-1.325268026536053583e+02
-2.805441796480183676e+07
-1.342611377872566489e-12
1.196077389475385586e-16
-2.060883836995588354e+03
7.723965208089980297e+04
7.705734262342302827e+02
6.821952372495760384e+18
3.803021718412250048e+05
-2.316638478296152267e-08
-7.495773735601921875e+12
-1.057553934259772420e+09
1.677991438280087233e+09
-3.635426398919698209e-08
-3.097198475446314880e+00
-1.198010549452243431e+05
-4.403615380718969060e-17
-2.092784799170616106e-01
2.708846599031268681e-14
3.180503654054587851e-12
-2.437856754119675315e+02
-6.823119965012189184e+18
2.776458994090721148e+02
2.740537040302065015e+08
9.517867118608485926e-08
-9.044188167724999785e+07
-5.447042165425836446e-15
4.379944973534861247e-14
1.979266301347260378e+04
-1.813444730199535892e-09
4.628396109871469548e+02
1.283588945111259818e+02
-6.505617347462900213e+00
-4.319784815581953526e+08
2.182656910152083146e+05
-7.042036714523217111e-02
3.616561131667670459e+00
-1.351573196998501532e-11
-9.097306208660700358e+05
1.539003439653747386e-16
-1.452511788163033334e-15
4.740117708071833926e-11
1.915130231238756701e+07
-6.192108728462542226e-17
-1.160457803294391250e-11
-4.854371448812581366e+05
-4.671254073223005253e+04
1.707922466971651871e-14
-1.827537556370587568e+00
7.150802347958959634e-12
-4.510387331448500000e+14
-2.775515399511906531e-13
6.589285709823523574e-01
-7.668984193379827695e-09
2.733963475836619864e-13
4.036533325241674966e-16
-7.423573459504249268e+11
1.390690564862374541e-13
9.090242477856121063e+08
1.775004411360036087e+10
