100 9.17e+29 5.326551637277723156e-02
-6.978516519502828470e+25
-5.504722780737066650e+11
-3.084675153805364516e+03
-2.039383916360141157e-09
-1.086718356501132618e-12
2.328468587912456715e+05
5.243299070806770760e+04
-1.046657598739454752e-10
1.253031966997192548e+00
-6.228936561277479407e-16
-6.105295854769194336e+11
1.204866388508705583e-07
-1.983170958970035426e+05
-7.762595418094951250e+14
-2.434465445494840451e+28
2.719491289197562790e+10
6.092326187439965440e+17
6.813404792171310219e-15
1.518217217154638469e+07
-2.358333361580657959e+09
6.791170234982129097e+09
1.213377930171275046e+06
2.732153962308696846e-09
-4.586280490125108110e+23
3.928732214872128758e-01
1.556182199941533918e-11
2.327519038237826974e+28
-4.160519436860444546e+08
3.481909136666613835e-09
-3.579718209572271378e-17
4.385275611492129043e+06
-4.743017147262927438e+02
2.297814003299758490e-04
1.268724494328304688e+12
2.145786034723530088e-11
1.113545789464052925e+27
-2.945729867173191016e+13
-9.152593007982289919e+00
-9.746754640385875702e+09
1.802074332665298789e+04
2.346614411233875984e+21
1.840491010945688455e+00
-9.971298694427983833e-05
6.296933206150252821e-06
2.635222301313636653e-16
1.141575085440947390e+01
-8.990468700570955138e-04
-9.689362096202945709e+07
-8.540710543639456917e-18
-1.949072005653584524e-05
-5.927615646838244992e-08
1.566803507878105250e+15
2.050932028833265312e+14
2.724544406624818116e-02
-1.397607505582083073e-04
2.393775285768144111e+25
-7.027761335287310791e+10
4.107728983146156310e+01
3.529371822936590820e+12
2.217602804383145849e+04
7.930844483616409180e+12
-5.962801264475290730e+21
2.167972102873720750e+15
-1.306571745068811201e-12
7.988742275207294519e-04
-2.293267263866833309e+04
1.797686384647126379e-03
3.304436998703293457e+12
-3.160892849142118692e-12
1.359446870793652125e-06
2.265091041335474954e-17
-1.412692725897296705e-05
-5.206395080736774206e+07
-3.030359063736775680e+17
2.362554807727199554e+09
-2.086339023792759418e+09
5.308318919014969804e-06
-8.287737045325958007e+00
1.853493547415280107e-16
2.433859122829268873e+08
1.594283589952590027e+11
-8.505446478412941797e+05
-5.385200760100110769e+08
3.036638107426540938e-07
1.032743925991274357e+09
8.103386489227824008e-01
3.221700304953615190e-15
2.604128401644630432e+09
4.956987870759996895e+01
-7.808360977540758904e+04
2.552655266006317869e-02
-3.879636648507081085e-09
2.227939369946582744e+24
7.213784695031646328e-17
-6.474515663933824364e-07
2.001606559139306641e+12
-1.816894664290414878e-12
-6.753593525962978909e-13
1.072087262980885356e+02
7.792528923522818502e-14
