100 6.12e+15 7.738400588800882496e-02
5.725182277938216705e-07
-1.839800073959938985e-16
1.868060042546529599e-16
-5.902646522806245244e+00
-4.959520215774533905e-05
-4.550925326514747576e+04
-4.518457855797627346e-07
9.164989806686906377e+04
-2.417837535541444570e-05
1.391356366704288665e-07
-4.415156946584229100e-06
-1.992605175094408419e-12
2.857594135613759155e+11
2.657891494288374901e+01
1.868756076543464934e-07
8.109274868432368385e+05
-3.865704343085156441e+09
-5.485628140464504302e-11
5.297825165303228298e-15
2.019469277133853602e+00
2.353718598131122999e+06
-1.677220570460108604e+02
3.429817005771197191e+00
-2.366907457430935625e+14
1.864830713149281110e+03
1.197488835416593567e-05
-2.838969546056719162e-14
1.724955613446951402e-14
-5.791739100833660147e-09
1.383980857187481774e+02
1.897524977973552644e+08
-1.719644773407975208e+03
-2.354263688685377096e-13
1.493054667025656768e-07
5.231327175682425150e+05
-7.761407003377631187e+09
-8.460529499241376877e+09
-5.555835677225542234e-15
7.860034627648380585e+06
-1.821904301276244223e+06
-2.610365898508360863e-17
-1.329536113920686638e-15
-4.568661798243900876e+02
-1.016088292272138037e+07
-4.299735055596038305e-11
-3.424514596459198681e-15
5.180179280725767512e+02
5.385527043165115174e+03
2.235651463363060611e+04
-1.269064360321814728e+10
2.217816088300981127e-08
-9.740983785179761867e+01
-1.793757692677186433e-03
-1.053870047012508593e+02
7.876959482960098347e-03
9.798326307123751831e+10
-2.982565451745923421e-17
6.403474824602330045e+04
1.227364872604144178e-13
4.997691513265120875e+02
-9.285799897615727051e-10
4.180425421642739821e+03
6.184776843370739371e+05
-4.728311017665027718e-11
8.626369757932709215e-01
-8.171925390893028693e-14
4.245539545495311762e-10
-4.112375854471991232e+01
-3.146213548112038012e-12
3.309317977205734730e+09
2.911063829827880263e+08
1.113456817810194011e+00
-4.161260675334321592e-14
-2.333344490597171006e-15
3.632088526876184624e+06
-2.515039571883934559e-17
1.650244796117900413e-11
6.496030742418031006e+11
6.955461005449211597e+07
-1.481062992472853229e-16
-6.044357789591142209e+05
-3.330588946137330332e-13
-6.400621992501936123e-09
3.207775940868036679e-15
1.957149866148521437e-04
-5.402924458204788328e-11
-2.486874420823896300e-16
2.254853210984955625e+14
-1.095765192226065210e+03
7.469310372388918945e+12
9.278374393037391664e-14
-1.016144571517174877e+07
-7.174755132377546261e+02
6.287164244891123793e-12
-5.149758155891446254e-01
2.731693883859625977e+12
1.499856691885643166e-11
1.415312060679806621e-10
-2.355288640320022042e-17
-3.929502833330756597e-10
