100 1.40e+20 8.419122162896258699e-01
-4.592352562861204914e-11
4.441758850318035456e-09
-2.263451497622829578e+01
-2.131110136660554688e+13
-3.802184978461736059e-02
4.877236156508371716e-16
-1.292075446615032960e+17
7.688172415117696478e-14
-1.158885561613798927e+03
-1.614147208685617727e+02
7.146077696240775021e-11
-1.511497689906719554e-14
1.852063035802589893e+09
-3.433501350478846916e+02
-2.498128432876860582e-14
3.029543010222247176e+03
2.709059616284689279e-08
1.164230960733423581e+00
8.958936175711436068e-18
5.805023910604097126e+19
-1.288792997606446995e-12
-9.534948581948446274e+09
3.282090729326575622e+07
1.130887867561627197e+10
-3.462980990568908721e-08
3.289936090122472644e+08
1.471710671521750279e+06
2.673138569113753249e-02
1.173400421593233570e+07
3.245737732061351894e-10
3.215045567815138698e+08
-6.265261206558244981e-16
-9.835372159572280031e-09
4.081326485695866828e-07
-1.505292910886390880e+07
-2.189132319111037339e-01
-3.521065499038130570e-04
-1.375345315865705331e-13
-1.753034985435422278e-17
-6.963056524569427808e+00
1.505501265443362265e-11
1.813356894501506174e-09
4.432497775777409375e-07
-1.018834729448872786e-10
-4.309081440201820224e+05
-8.030646691345986591e-08
6.801330287600597367e+06
-1.487086160914316773e+08
8.481864231845748113e-17
-1.094801537988785640e+03
-7.277462351774504802e-09
-1.488442848807853736e+01
1.414935363055627346e+08
-3.776888043244994403e-16
-3.026738809636371184e-16
1.095730751716703480e+03
-2.907357320692551244e-05
-9.134219977968251705e+08
6.231883080597049000e+15
-5.945228672073244064e-10
-5.377401117656586393e+01
-2.257562806360796458e+04
-8.850589879081287887e-07
-1.002231279984602146e+07
1.205019139024930841e-12
2.454214507409522867e+03
-2.246965525384961074e+04
1.091350018419274441e-09
-4.032597557709572837e+06
-2.694464425706222653e+07
2.960325659033701121e-17
3.364488281249100090e-18
1.525128568814368757e+00
-1.295896522950729004e+12
9.234361886727769750e-11
4.512525007390902519e+09
1.693589897134827993e+00
-5.154654560487754177e-14
-1.054291603585183523e+01
2.352493475326579437e+07
6.704239915097168705e+02
-3.157909149627225465e-01
-4.086045566111676803e-17
-5.873524984526272922e+19
-1.180037706612862460e+07
3.225193287609289655e+03
-1.919697869049206972e+08
-4.862638522743808235e-09
1.383948886668574524e-10
4.743028818207670838e+01
2.827367123305248066e-16
8.080090001126391040e+17
1.242038361586658601e-13
5.215020611070732857e-10
1.420837033588317802e-15
1.259476286814958697e-15
-7.128143245776397964e-10
3.473436641502395738e+06
4.607539656940849682e+01
-8.927379461968990570e-01
