100 9.05e+01 -8.282968157506465090e-01
1.203230596997168778e-01
-6.813446855085847353e-02
8.317864793699531595e-19
-2.890370712602388981e+00
8.446148435067490677e-17
-6.332372127554375396e-01
6.187055910864008531e-17
5.795864718233294521e-01
-2.878481900769373159e+00
-3.753796301439222146e-17
-3.505355869707084231e-18
8.363272427758519896e-18
5.924643770366350040e-18
-5.925397418241722391e-01
2.610997585805274301e+00
1.422332525851208729e-01
5.856400022430493527e-17
3.341256939689667388e-17
1.225033034177249980e-17
-1.080604637368547616e+00
1.965354440151801940e+00
1.303444932893358548e-17
-1.070330925506098852e-16
-7.157417354415496605e-18
-5.278651923628647769e-01
1.963895233234675741e+00
-1.367296214312280767e-01
-1.236899906772257927e-17
-5.996598384925058145e-01
-4.066696788461509060e-01
-2.343380656661684131e-17
7.983080336738807486e-17
-1.027107278230155786e-16
-1.099134578100135364e-18
-6.241032123536701670e-01
4.882329330431471140e-17
3.460212177214635313e-17
9.110918289866656861e-02
-1.405501906559250003e-01
1.052001807897183040e-16
-4.901638590673951843e-19
1.913422274434129980e-16
3.114486145093112057e+00
1.212478566415576076e+01
1.947977729847458317e+00
2.445541958205534050e-01
-2.160955565979827409e-01
5.394892162878489144e-17
3.773008606545058436e-17
4.038872553211976801e-01
1.722210371001241838e-18
-1.513206666784290277e+00
-8.242588026152169789e+00
1.714611945234662871e+00
1.216821774093064017e-17
-4.889753010247266940e-01
1.103325781000341843e+00
-3.842255216628970294e-01
-8.722538446053564043e-02
1.680121656886689609e-18
-5.273489744232867649e-01
-8.863094476316339954e-01
2.354871059031180743e-17
1.432489338852060978e-01
-1.453920432464720580e+00
9.200269026092261493e-01
-3.047943061615785876e+00
6.450622133792605073e-02
4.191156463651797955e-17
-2.731473168558499753e-01
1.789922498847274682e-16
1.062888710719074559e-18
2.757846269768432955e-17
-6.347583954598968133e-16
3.721557477520816788e-17
4.083466091000501619e-01
1.054562027025323807e-16
-2.144357158329866841e+00
3.174048718028082333e-17
-4.082420145128138379e-18
9.096028779422363764e-01
-5.429833684872942268e-01
-3.058050912676874740e-17
-1.529534779531801443e-17
3.501056641766083356e-18
1.515970001093504438e+00
-1.962521543711068572e+00
7.358377057559651696e-18
-1.807128170909622272e-17
-1.568359159478578846e+00
2.165127932129088171e-17
2.169808666310878653e+00
-7.698813580859271777e-18
-1.254047871547443282e-17
-3.974176569143403448e+00
3.754515395890330860e-17
2.805394926135867273e+00
1.311165112621179741e-16
1.501925899826224869e-17
-7.937754956298392425e-16
