100 2.94e+23 6.639110171911689617e-01
-2.411099749135795895e-17
2.561042999632377359e+02
-1.818430203948763165e+03
-3.425460077105115797e-01
-2.168365933813111782e+08
2.153019575065597024e+01
6.823489691381661260e+01
2.361971695446926311e+00
2.041191338154551706e+19
3.849942762468935076e+00
2.119390933958768036e-17
-1.093224555836247873e+03
8.362492456525304988e-06
-2.802113794805083992e-10
-8.829114638990357518e+06
8.175164918055441608e-12
2.825173723195801600e+16
1.585559029601568930e-08
2.069610820910315477e-17
9.747434591901183063e+22
3.601741982565112266e+03
-4.276680369210002408e-13
-2.829901335087489709e+07
1.021285699025694840e+07
4.900633895514548224e+18
1.093062980712180730e-13
1.495254487350170612e+09
1.647254564527544218e+01
-2.395644085636424646e+07
1.331210354634320480e+17
-1.633807856239377441e+11
2.433831374811340869e-10
5.063192545949063650e+00
2.910027821384411072e+05
1.281534583178757956e-06
-1.579475412281165861e-17
-2.491006352479807377e+09
-8.210042163767513300e-04
1.088573098495468495e-11
8.375495592300745613e-06
1.325322304413206753e-03
4.274677830793136403e-17
1.877490502726583200e+16
8.958216945003116450e-09
-3.462881723870022683e-16
-2.671123794538913547e-08
7.067624278181670234e+05
-4.174327874726731205e-16
-5.342814341396257514e+05
2.076551918088605625e+14
9.036540132609405518e+09
5.534146739437783981e+04
1.909890473416173858e-16
2.262002345006354153e+08
5.340618267077520490e+06
-7.540241619079353086e-01
-2.359651586650670907e-10
-1.907188157061965228e+01
-4.719307347684307263e-01
1.001659898328489255e-12
-1.047539758907853222e-11
-4.514087405731431221e-07
3.285889077233350816e-16
2.220131328801880646e+10
3.670197913524762043e+02
2.255972880299672188e+14
3.368141059469854781e+01
-3.790665669129741778e-16
2.710724261629436035e+11
-3.880950904102954185e-10
3.615985416374556422e+08
-1.442272148194849025e+06
-3.228841124558525110e-12
8.643002152672752802e-07
-1.057384741327506454e-13
1.406939368123858586e-02
2.376777287460267544e+05
-4.313174759903710335e+06
1.939211748559410893e-08
1.092548460312856250e+13
5.531763694562741939e-08
-7.688602905506386981e-15
6.252949147249717831e-16
5.857327395342796450e+00
1.048069985112438917e+09
-7.590409579346914143e+03
2.116220505143713293e+00
-6.362015920704863966e+05
-9.749854323167596852e+22
-1.295826477993530624e+18
-2.930240217486676801e-10
-3.647598588885259119e-01
-7.016049039409632663e-11
-1.961479302699767868e+05
1.741150473307011174e-09
-1.299166663120271606e+11
-4.800903584696389735e+05
-1.599373855176661419e+00
2.194438485048815956e-11
1.828041950918840008e-11
