100 5.19e+04 5.521829149257968528e-01
-2.754415168047671170e+00
1.635037376599377145e-16
7.553003639067533672e-16
-1.649601787749681581e+00
2.248226938408278031e+00
1.709331876017334650e+01
1.276262404677371565e-01
5.021778802203164207e-14
2.835892367847347018e+01
4.071105287436659657e-17
-5.103617887576201995e-02
1.187879272048268149e+03
2.315653226646629481e-15
-5.087223654699164932e+00
3.747890001992897169e+01
-2.386468721595475655e-16
2.488058800498679864e-16
-1.825915866423799994e+00
1.350641611546094699e-15
5.748090988218306475e-17
1.146993211950253766e+02
1.232742428967532032e+04
2.097792365503140388e+02
-5.809371849196303117e+00
-2.926960314951861974e+01
4.083564030335354731e-16
9.051456814648227697e-13
-4.561933931867262260e+00
7.904684302069991631e-17
-1.042753462415233126e-13
-6.708503635398329974e-15
-2.346251627268599404e-16
-5.004035079626227400e+01
-4.796039464860111678e+00
-8.239045443996850793e-02
-6.674805340335095627e-17
2.145089580784562788e-15
-6.986039735691981605e+02
-3.885590890220338251e-15
-1.376608748842222951e+01
1.312827739871148533e-17
4.358272609573851068e-15
6.477278348659102569e+00
-5.531108753404578801e-14
-1.000136834123638255e+04
4.072009475646158602e-18
1.981379487419583585e+00
2.130024075129016148e-01
2.472059943310286950e-15
2.747885340574407312e-18
-2.751052447311899428e-17
1.042812889093001694e+01
-1.991172353706173788e-17
3.101426990417632812e-01
1.312640542231950850e-15
3.615600903621707093e-14
-2.068563555953011814e+02
-1.430340303773982733e-17
-1.057389481773241484e-15
4.663374093786551100e+01
-3.764954934684780152e+00
-3.773788063190187619e-13
-7.564600296900530636e-17
2.242439281607958001e-17
-7.155391153752191924e-01
-8.786194490120331336e-17
-9.041468995453077482e-16
-1.420025691354162090e-16
-3.191911637501009282e-17
-2.637239731858786840e+01
-6.636794319472946180e-01
-5.461118115657217231e+01
-2.231982180858943342e-15
-1.524321202900395065e+02
1.722138684785887624e-15
6.692357271595158474e-01
-1.077535808411420818e-15
-1.119647194263693474e-15
2.829822874937022448e+00
1.049329141394128822e-16
1.751777976424899691e-18
-2.322360290953867020e-18
-5.196185246033887495e+01
6.034873836607186441e-17
1.368194082231281925e+02
3.186300276579647317e+01
-7.010768826346553340e+01
-2.042596748029533273e+03
8.187259616846224534e-16
4.032186094418825917e+00
7.363713631603959087e+00
2.991646155069106694e+00
-3.261504960800101216e+00
1.563326770831465637e+02
-2.492260677702168750e-15
4.822695893092510273e-18
-2.374846259144715633e-15
-9.010935826617741213e+02
1.746923506581161397e-17
6.215912962206004977e-01
