100 2.63e+16 6.700306468389096715e-01
3.102770059222891632e+03
1.882413465963574117e-02
8.442484318433432122e+01
-1.667054011167324148e+07
-2.560854302735397021e-13
4.838923713960682031e+13
1.108866400457113599e-01
2.297774986628242644e+00
-2.142314815582707524e+04
-2.677349041379501253e-12
2.284901947610410468e-14
-6.255767624850861822e-16
5.318644401205188478e+04
5.236711301814951934e+06
-2.616907361747257371e-10
-2.054705905058978483e-09
-7.132474886035054850e-12
1.671721340949945450e+08
-3.214799095185462570e+10
4.051485999514632753e-10
8.310385261669713638e-17
8.625506006882440735e-01
-4.333471149181958754e+05
-4.510502053564452440e-02
1.330445418296074545e+00
-1.426259870969504846e+03
-5.831762475124003681e-14
-2.594293245784338353e+01
-3.062068732782491530e-10
3.443091494576817844e+06
3.416851452916231938e+05
4.515196269492089844e+11
-2.675023346608231889e-12
-2.465567729398447548e-13
3.737270867716165958e+04
-1.652475499128002557e+05
8.013279712683878814e-04
-1.397366370944431724e+00
-3.693768783068560602e-01
-9.212152456784338648e-18
8.294656434166167855e+02
-4.550643700892365538e+06
-6.620837778935610614e-15
5.772001134308430127e-14
2.388832673594841757e-10
-1.504890134549391099e-05
9.664665969880680052e+01
3.801135107232539005e-14
6.909178636697345700e-17
4.329748795738219998e-15
4.800407228903056641e+11
1.835016042882549772e-10
-4.959502571129296745e-18
-4.268504056041045942e+02
9.668565559365885065e+01
5.135592114310933064e-15
-8.895061891797614466e-10
2.706932329991642598e-11
3.544019092210152344e+13
7.496120844541112092e+03
-3.498224016806510406e-01
-4.507336541552077688e+04
-2.440928846230166286e-13
1.878145165660888597e+04
1.212260241770305976e-05
3.796589871504507288e-16
-8.374553333334603993e-12
-4.391254688366755256e-17
3.526810595219747500e+14
8.203188370125988000e+15
2.269412519670082722e+06
1.053232752175896108e-17
-1.485037801450016237e-01
5.699647909192774445e+06
2.192350018991677245e-10
-2.665022838499003649e+07
2.245457632392299320e-13
1.620786904182613867e+13
2.987233913466530444e-03
-2.058216724549838109e+05
-6.371784306091085455e+02
-6.176268849960522132e-15
2.986688516932626408e-03
-4.448153200762614173e-19
4.474419094191350708e+11
-2.629411954303210449e+10
1.158165826127589298e+03
-8.825855534202017000e+15
9.801126909578375290e+00
-1.385569825873139129e-10
-8.199644854471152436e-07
1.381372466304007755e-12
1.686280833466291562e+14
-4.821775336055639520e-06
-2.777380406152510113e+04
-5.206374388757365433e-04
-3.070173338437868113e-14
2.844284313538542390e+07
-2.724278398384518107e-11
-2.424314659950177573e-07
