100 8.71e+19 -7.865647785075947918e-02
6.100151132068180049e-01
-1.092647638456357129e+02
-7.354795837231860787e+03
-2.335249067361551151e+07
-2.019044421141550625e+14
-6.468981827362648368e-12
-1.521139918940479695e-10
4.094981985459119975e-15
1.069635496220551829e+01
-3.232764803872445628e-17
-1.159979667914057241e-17
-2.934760111679029393e+01
-1.131131362438682342e-02
3.379870489052354159e-15
2.080148749217761230e+11
-1.242646578703769933e+01
-8.620489185742614062e+13
-1.436055116475341720e+02
-1.759298188160694752e-10
-1.143299057593099773e+06
6.878441495903182076e+05
5.782778112310000889e-15
6.981398899868623438e+13
-3.073742322549669151e-16
1.763450221809686609e-12
-7.113100962832393748e+01
-1.814861943001332838e+04
-1.209963133244578987e+08
-1.592658010153889262e-13
-6.380159162592905000e+14
-5.398374913816487417e+06
-2.541646737417364864e-09
9.864205495212070000e+15
-3.919153272017351419e+00
1.702795429886818985e-14
-3.122990904767226812e-09
1.866860033151999219e+13
-2.138533617492874328e+03
1.073405397250727529e-08
-2.934182725655289856e+18
2.601875701289241520e-13
3.201497459022942720e+18
-1.566331899884152211e-09
7.345591417686427300e-11
3.483432883649815018e-16
-5.681319665981939761e+05
2.112534773868172662e-11
-3.990428641712983497e-10
-7.164615024702994939e-01
8.789407915158501634e-16
1.973719017320258899e+02
5.804675130207771063e+07
-3.383547759858102654e+05
3.586578454876778709e-09
-1.382611885388314477e+02
4.600395207039521226e-17
9.788495939951841533e+07
-6.029620218403917600e+16
-3.224568012839151650e-13
-4.009027619406239864e+03
-2.791136077172047158e-14
-6.627772085010075216e+02
-1.217072075001968893e-15
9.097272135760886158e+01
1.039634454343912005e+07
7.788402070521755149e+00
6.160665776337603816e-02
1.932442676735878631e+05
-4.978394370083291531e+08
1.663021915841370355e+04
5.910845564770281868e+01
-5.263920253291694597e-18
-1.313025650476637002e-13
-2.150793088984557427e+06
1.289981390720081399e+05
-4.486049047389952307e+02
-4.293943074599296640e+17
-1.767516997619386632e-03
4.665812571258785152e-04
-2.737392432316585023e+00
2.133490059352714240e+17
-1.786849772202136250e-09
-5.487139840976722301e-10
6.172857902254779656e-11
-1.746410415918169257e-01
-3.016380960178314721e-12
-6.303212051705084734e-15
7.679106375396708945e-12
-6.852880541589381173e+06
1.083079296019814443e+06
-2.242240670986404838e-03
4.389762879807551481e-06
-1.086105397750730694e-14
9.221332109353120643e+00
5.337402302852429724e-11
1.248997344042685814e+06
-1.889578468725457415e+07
1.025656699761388069e-01
7.097914669790971322e-12
-2.598649762834589055e+05
