100 8.27e+02 -2.450045791344727664e-01
-3.564132560326984667e-01
1.190605139144570584e-01
-2.314139278984123083e-01
8.873694457605022058e-17
6.450118357579517749e-18
-2.895101194235630615e+00
-5.540275174670027114e-02
-3.121183260925898928e+00
-9.199612020929416545e+00
8.668574682427735212e+00
-1.001877369459922259e-16
3.086288336994487685e-16
-2.728927725594266551e+00
2.777127665635823667e-17
2.911299138912917676e-16
3.070147137016474126e+00
6.811966458149279440e-18
-4.630615239056516508e+00
3.060994132099519760e+00
-2.392250223338729468e-17
-1.311658888740018298e-18
-2.981369137910347966e+00
1.898085229154770561e-17
-1.039682837201207145e-16
1.480874447725083640e-16
-3.737319924561565869e-16
4.193085670928329733e+00
2.912009753142301697e-18
-7.198571746393149878e-18
-5.303957208145106010e-17
1.801714700856842555e+01
2.389459062844426680e-16
5.417011551450696920e-17
8.523018856762867301e-01
6.527424721241955607e-01
4.426105364466232928e+00
-7.072691691983607359e-17
1.701255818730441849e+00
-9.618148170193274282e+00
-5.043846265099957371e+00
-1.538557135763256867e-15
9.273460742027648317e-16
1.807835930105809785e+00
1.559122273812259432e-18
-1.952840042375284235e-16
-5.120041357797088192e-17
2.236589105626882734e-01
1.628974938526286364e-16
1.323776024209092128e+00
3.671157764076218299e+00
-1.368142213758328081e-16
-6.389750139289382957e-01
-8.727844287675700482e-19
-7.841585638783881151e+00
-2.297386971375601247e-16
1.561379834754195845e-16
6.239380106242374468e-19
5.372693331154090028e-20
-1.764256122777790592e-01
7.567122708049567326e-01
1.120808230168792857e-01
1.887540648958727450e-17
-1.108939172931256101e+00
-2.760871596911230963e+00
-4.986063877500064786e-18
-2.753967365633194728e-18
-6.630611589522885652e-01
-4.553179234074821835e+00
-6.908352526338938220e-16
-1.242637884559149586e-01
-1.889633634821235478e-16
3.225240582338569917e-01
1.236885034779994230e+00
-2.844342670581339507e-17
-3.706146548135983028e-18
3.192813002133952526e-16
7.251146120438604305e-17
-5.885128354555811292e+00
-3.194010442134412875e-01
-7.417641214394581795e+00
8.053120145207846475e-16
1.205367605813176890e-17
-1.452132069183239560e+00
-6.366226036987660513e-16
-6.876416034414963937e-16
-2.447376863128792124e+01
1.364562734736664140e+01
2.628362814719043072e+01
4.468246271388305879e-01
-2.785603139453504351e-18
1.439070931435256452e-17
-2.566231208247164552e+00
4.928560042243820050e+00
-5.981963740531076601e-01
-1.075044255665467514e-16
2.479791561210859212e-18
5.156985691407360587e-17
-1.121035206042651604e-02
2.373173237206468480e-17
1.687353169119136354e+00
