100 4.74e+09 -7.820466824065002154e-01
1.837493643627458485e-14
7.571738505638707420e-11
3.732020022943635773e+00
-2.517317982124647772e-19
-4.662523452482770780e-01
2.299402425288758244e-14
1.282403677859551578e+02
-8.798215407028013857e-01
-6.050394810932233230e-15
2.352754111647500610e-14
-6.077976211319860433e-02
-1.994558914122034066e-01
3.917669377654087199e-12
9.327791880597985141e+00
7.801694824035526911e-17
1.534694578041455075e-12
1.714303523102825642e+09
-4.033519083299864154e-09
-2.477175437100935518e-02
1.504721676089032950e-15
3.488754218914205921e+03
1.483563533947660851e+01
-1.460155948614747614e-15
-1.070358819735031575e+06
-6.941213809085512938e-17
-4.115696802553039220e+02
-1.492571322057878835e-14
-2.455127779840147923e+03
9.937324010805491525e+01
-2.074696127158652220e-17
-1.623789285908630803e-13
1.699280378432865746e+02
3.994589627372783321e-15
4.935745395423469040e-15
-6.570815522801218322e+03
1.281890497209179997e+08
1.122686693432362378e+07
1.026795056441608800e+01
1.058001194994827929e-14
-4.547327807193414413e-18
6.584439611821078528e-14
3.432875947297860134e-15
-1.042662506163619029e-14
-1.387108852922938495e-13
-2.022117706375816069e-11
-3.028252394103036963e-17
-1.193530111044409033e-14
1.704727939490073823e+03
-1.703538946359459239e+00
1.602201213578355563e-15
-4.283699775577169930e+03
1.384256534437313348e+03
4.175405182303925358e+02
6.872123647047402005e-18
5.383997580181387091e-16
-5.650840062972318378e+01
4.343560187111542690e-17
-8.418660575397022967e+02
-7.658128207033639001e-02
-6.990703098403620846e-10
1.028135348959474708e+06
2.099980804605680018e-13
8.779540666875754176e-18
3.684586733518218534e+04
2.004906420051983889e-15
-2.290471108762849282e-15
-1.029726746384775906e+05
-3.012606943584889336e+02
2.617777365481281860e-16
-8.805468732556586474e+03
-1.088330046739592092e+02
-9.589045874576856587e-14
9.004237238303862689e-01
-3.162856528093024330e-15
8.304596302284377174e-01
-3.122014193592425680e-16
-4.970895154148765016e+01
-1.842861365047754049e+09
1.853980187065332996e-14
-1.489709198082661391e-16
7.632217634744122847e+01
1.288024618650565000e-18
-1.085055109368889599e-16
-4.853408611307924758e+01
-1.328621486236477836e+02
8.187738354801608693e+02
-1.389952915514010655e-11
6.194363109944206371e+02
3.005142674153249160e+01
5.776699322278244818e-10
2.336650956102100096e+01
3.770663361230304479e-08
8.134124326827158256e+03
8.147722812957518101e+00
1.260099634013087451e-18
-9.847578554495282471e+06
1.022459318029720030e-07
2.937409436240608684e+00
-1.302895853664896667e-13
-8.952228686060382752e+05
