100 1.47e+24 4.226309806457768659e-01
-1.615467436581616983e-03
-9.571459954098830248e-14
6.764156239066402614e+07
1.822794470701612532e+07
1.711966780386768521e-09
-3.517785544211720415e-14
3.988778998392451562e+13
3.691219052747460427e+00
-5.767964135301896930e+07
5.029477249741600037e+09
3.113045195474777103e+23
2.993222030678301208e-10
1.177667065467613250e+15
-3.834291602479176220e-01
1.513211949638543219e-02
1.221737146589648727e-16
8.283862532645371295e-05
-1.320970586049055847e-14
-7.499929436043895560e-13
2.754235789201671711e-09
-1.018620969031278856e+00
-5.536205876503954642e+02
-1.920684713757417286e-17
-6.896716344509331975e+03
-4.529283035387804359e+07
1.764370185925727710e+05
2.759368540698248565e-02
-2.645900125052495500e-01
-4.820909265423744347e-10
2.364459115536465833e+04
-2.009654977341358517e+02
3.761812261438105106e+09
2.623854120609889378e+03
1.942575496542147547e+07
3.320499112868129883e+11
-1.342779934265657893e+00
-2.161705486426138133e+07
-1.355510754014992714e+07
-7.451783549249808569e-01
2.157994409179169178e+09
-1.138954978149768198e+06
-2.434373680998326758e-09
1.083891625876934393e-07
-6.655970531153116211e+12
-3.172203490310847585e+01
6.795370864142028289e+00
-1.356077828726529170e-09
2.637465734844591082e-10
-4.830659039308157921e+09
5.060455512441366152e-17
-8.128656476478341967e+06
-1.799027557880302974e-11
-2.939324701112441421e+08
-3.235030822397462317e-07
-2.705205417946522761e+23
4.032281296368308663e+08
-4.256029121915445579e-01
-1.334474040548417536e+20
2.740377345562518840e+01
-2.139289365548386336e-16
3.138641829826471532e-13
-4.349222724002822815e+01
1.912774664790320800e+16
-4.106411618082645961e-05
-9.090189554135235403e-10
1.298029308313215964e-08
-4.252539005636075497e+09
-1.537430613369254218e-15
-2.530819898255051044e-13
1.669985658839428467e+12
1.611054998999251480e-07
-6.460752894893758567e-18
-1.676708839280875244e+11
1.486685027059376625e+04
9.185966127750027624e-06
-1.534645793785615784e-11
1.006247415264293385e-09
-5.739396372672101000e+15
4.677894831619861504e+18
-2.100067202487310860e+05
6.232994103365242481e+06
1.201613128464436931e-15
-1.280398393131773174e+07
5.102962811061052606e+06
1.270816664728608548e-11
-8.434429145664243195e-19
-2.077612344171843391e-15
1.371250012342456534e-15
-5.826797924908948029e-06
1.208533403863836861e+10
5.214988681826521643e+05
3.714861846581182192e+01
2.348930377053540323e-05
-4.065518317770066887e+22
-1.279402356398127142e-07
7.196287985384240723e+11
-3.966771871479604800e+16
-1.752694034969088200e-07
5.620029100385706261e+04
9.486470252936994819e-10
