100 2.41e+08 -5.997370905992267520e-01
2.038221189410146217e-16
-3.070293954269860848e+01
2.846656365756047701e-15
-1.918237549317636087e-12
-7.512573291279568366e+01
4.077713192926609176e-13
2.124393654786273089e+02
-8.227581650312283309e+05
-8.743342204077280634e-18
-3.845740612111999326e+02
-1.524130942189028272e-09
-9.310592919686388101e-10
-1.565167712130316279e-16
-1.852426288896160529e-16
2.508413524249105819e+01
-1.564217289801886753e-15
4.779401924213184571e+01
-3.711267761883302010e+05
-3.008063858161169478e-17
1.138390806863839726e-13
5.495115608008530153e-17
-1.728737614626747188e-14
-3.011553009150645277e+00
-4.308353141749198037e-14
3.562329525868356995e+03
-7.044066906113683046e+01
-5.230566667726802717e-14
-2.470983184803379118e+03
2.180416802286834432e+00
-4.607854808190789761e-17
-3.362757763664501160e+07
3.539590081804172754e-14
2.454087837708517632e-15
-8.840794615860729664e+02
-3.225660471612502608e-09
-6.424697720747796215e-01
4.305679996965452265e-12
4.007323321781616320e-15
2.775412049268928705e+00
2.927349611925683917e+02
8.750951033360598785e+02
-2.919660654144000546e+03
3.647156889066630043e+06
-1.452967716809517890e+07
5.305762993484175950e+07
-1.365403292637803467e+00
1.065336513526384346e+07
8.160843384546536403e-15
1.929455059687229550e+02
-1.669955291391295916e-15
1.310889618813509587e+06
-1.304770336458954716e+03
-7.906275804883057698e-11
-6.900412098325568877e+01
8.174737992908639717e+04
9.920967347830518883e-14
5.961520760668212270e-16
1.255890403130128382e-11
8.455034846909170732e-01
1.117460720114491193e-10
-2.549497887984917629e-15
-5.847665942985472556e-17
-5.752611046233518545e-17
4.927990803723928548e+04
-6.703142570028127453e-15
6.241320287697278103e-15
-5.741588150646381195e+01
-3.686966338844382860e-13
-3.212529687585442767e-10
2.383525516188938820e+00
-4.675999693122364853e+00
1.386589964551253500e-11
-1.234700539443660183e+01
-7.110821598098404594e-17
2.684505045989446999e-11
-2.735210668890217261e-09
-7.712526998000982926e-11
-4.051235341048739284e-18
-2.215978363820606549e-14
1.037515981795364471e-15
-5.313475411509915971e-14
5.518807577651377727e+01
2.091112965812992108e+00
-1.152857052465871890e+00
-3.609765285239246705e-14
4.776796954469056800e+05
-2.284337032712726668e+07
2.470960592752705853e+00
2.242404716107029969e+02
-1.348020257351167629e+03
1.084723890918124933e+06
-1.518004287131639515e-13
-8.519025531793618763e-15
-3.961840976935259096e+04
1.413965767216079446e-15
1.876483247692185687e+06
-2.804794821499950558e+03
2.059848676905285036e-16
2.618193857797042256e+03
-5.038414336474010042e+02
