100 2.20e+34 5.230852978463640651e-04
-8.414856600005937695e-11
6.253861038416470703e+12
4.200520882194599182e+00
-5.906086875325924219e+13
-3.045747995675503745e-08
-4.074975249769875780e+06
-3.249306920152634375e+13
-8.797878285977894000e+15
-4.132674983216599134e-13
-1.224208868982405243e+11
7.707561566950732000e+15
1.052819843200522367e-10
-3.198347981957658996e-05
-5.869985572442757855e+26
3.046956380649426137e+03
-2.627297542152380859e+13
2.430679224702613547e-03
-3.105796828184835938e+12
-2.905737320474373701e+04
4.499272547681121250e+14
4.818745469890638720e+17
7.987167350784682185e+01
-1.884944402024100858e+29
-5.560948768393622106e+30
2.924853744417916416e+18
-3.423476756615677630e-01
5.188648953191635104e-13
-5.797823008328766874e-20
-6.278974908223109708e+01
1.564185889099652734e-06
-1.442849642856097887e+02
1.144743907323418165e-12
1.271285927939754489e+23
1.149042809389826097e+07
6.797302968001944580e+11
-1.376723728960939219e+01
5.310274034969807002e+22
-4.799519009438017129e-04
1.688762409768745303e+06
4.903317557511005295e-14
-7.658587002390811544e-12
1.575576595833400475e-09
-4.232009220507965954e-06
-1.238512929635068906e+14
-2.324232710335436423e+02
-7.583121404164953277e+27
-2.442977957790612409e-11
8.513668772338960320e+06
7.395578677431547476e+03
-1.516985869072566551e-02
4.588664668957176968e+22
-1.464012950653917480e+12
-6.505390701985184669e+09
-1.483877041326340288e+06
-4.976886678059400000e+14
9.286409828679892598e+03
-4.842024770963159743e-11
2.029484886361894011e+07
-7.104852856130925147e+02
-1.044898186554448494e-01
4.713304446767353511e+03
8.942428175028223147e-13
-1.210729266732592250e+15
-2.672926750500168036e-03
-2.085231111841823076e+04
6.981428401060829202e-13
-1.330778394112400176e-03
-2.577987241415478516e+10
-1.804129296275215921e+01
4.147008062350765056e+18
2.509668160818322003e+07
1.599448028345744888e+01
6.205071110591026250e+14
-1.592333742001414976e-01
-5.432942949130322742e-09
-2.238954037207817383e+11
-1.708575217745014816e+05
-2.100508066179845991e+04
2.867588105937712720e-05
1.424177048991765501e-03
-2.070479419380374908e+09
3.481979608697108360e-10
2.830200788554141764e+06
5.757613102379386668e+30
-4.729164361488491297e+06
-1.360481156202604994e+06
-5.220161653921857674e-10
5.252315087254835200e+19
1.196355841178047333e-09
1.993449467605982721e+08
6.238416184812526209e-08
3.504255548339485544e-15
-4.288456623469682097e-13
-3.948866097437900025e+05
7.188735489992285156e+10
-6.863930011081909606e-16
2.978982274450916253e-16
-3.105206547763389446e-04
7.356245925062464685e-17
5.513410298650620027e-16
