100 2.03e+28 -7.194982998781935812e-01
1.464950259172201157e+06
-2.341282279676408081e+11
4.542991032601459642e-15
3.311032266824114258e+12
-8.637951132870715332e+10
2.549694708951129201e+02
3.317065856296076576e+27
4.639792272122618103e+10
-1.424635695764576018e-15
-1.026444504930626519e-13
-5.957913728742809035e+06
1.436542334152159789e-04
4.665598138979863467e-10
-3.750293516614295330e-01
6.564168124526231773e-03
-2.371841457439311523e+11
2.275451096174687377e-16
2.845604524538515625e+14
1.063716730595254376e-15
1.146261635752945818e+00
-3.659953499907000855e-06
-2.423720863909603213e+05
2.038126068352024630e+07
-5.237599018129541016e+11
3.797545077093318105e+04
1.262544981587844096e+18
5.773026504539154816e+10
1.294109775466615986e+02
-5.471072015004671552e-05
2.185498668984489244e-04
-1.843553589903428426e+25
-1.073915093935221390e-09
-3.639727274950673719e-01
1.438282901166335432e-12
1.528250599001872567e+25
5.372908260299367612e+03
7.621218014145706240e+17
8.248328147700468094e+01
-1.076214311253110647e+09
-1.535290518571046757e-15
-1.042306154278702049e-08
8.880980011139187791e+26
-2.485360029599016640e-02
-1.335666610871953011e+09
4.549336333714078186e-17
3.677011398661215782e+09
6.817511520126406685e+04
-9.021768764697863929e-01
7.277028393559742223e-14
1.697723369405937877e+21
6.295585446741527344e+12
-8.528014985757681643e+01
-1.506398036055243120e-10
1.620105910857301957e-07
-2.293708505763050914e+08
4.016732948363144143e-11
8.826437047228199005e+09
-4.745321884046600086e-17
6.906828924126710000e+14
-3.412725814320727302e-04
1.041023386442644119e+09
1.063444669821628341e-14
-1.113591321323807220e+11
1.709600506624795457e+01
8.188688833064307467e-17
4.885685324197828770e+06
-2.654077397964099520e-03
1.645468860861680696e+03
3.066834378299218489e+27
-4.477318599604929924e+09
-1.053011087215605937e+07
-1.093433981189682847e+06
6.353256907485555150e-06
-2.128653795084063197e-08
1.721666620960484195e+01
2.171103644076342773e+10
-1.770437886249456263e-13
5.419959196260841873e-15
2.266041498354050840e-07
-4.281624452027712017e+07
8.283489191652593826e-07
5.427355001527764062e+13
1.266042359810960966e-05
-5.337289274063595768e-01
-7.268405956252852090e+27
-2.219085170864165727e-06
-5.338017610345346680e+12
3.174203529615544284e+01
-3.781387862410394075e+21
-1.105858735383145421e-17
-4.371679085526985139e+23
-3.398822886211655714e+01
-2.210493986331181986e+03
3.037241712300581309e-10
-1.024921306782789230e+08
-2.819341095136113990e-12
2.333690561664538675e-17
-1.191240713800119198e-09
-5.452310613467095730e-20
1.954006474637238355e+01
