100 1.74e+25 -8.306930437897566133e-01
3.181015631451732588e+02
-1.465159076465976709e-06
-7.374419617890027792e-12
4.646875113562647684e-13
-7.293414929877608448e+18
-1.042257654966748603e+00
-1.204054762052802563e-05
3.991156726795085888e+03
4.563581917749935534e-14
2.336289694640622656e+02
-2.733928094478326326e-09
3.336076695049345631e+01
-2.951751974063292232e+22
-1.818269725545595459e+12
3.459811903640429688e+13
3.546242100480739845e-05
-1.492644084422392189e+05
-5.251646026664842648e-07
-2.425315541146231408e+04
1.365693360785872205e-16
9.425795860413850846e+01
8.623488933849135938e+13
-4.293979219488358943e-10
1.070755230627216399e+06
-1.847801600917215625e+14
-9.921413067086395460e-11
2.703446116365629435e+07
-3.272635014713854093e-18
-8.120497459194516571e-04
-9.317406488744400305e-14
-2.300669711563503647e+10
3.877142294272422377e-09
-7.608940649783262052e+06
-6.480004367227700806e+10
7.224205236877059617e+24
1.922263102195670148e-01
-1.933915517896045931e+05
3.777950603544464094e-12
1.828001721783155986e+01
-2.139942769009089003e-09
1.517983717830660503e-15
2.291821257509795914e-05
-9.259643595154632812e+12
5.000178628833038097e+00
1.302383480485547916e+05
-2.233841895797018959e-13
7.961900937124519629e-09
-1.126654991956159211e+04
-2.113141430773408563e+19
1.552017845848737041e-11
1.869708951671988917e-03
-1.356586413420219803e+10
-6.913391393328251279e-07
6.346949741095051250e+14
5.308892881353527438e-03
1.766901777825267125e-07
-8.906441422273045406e-11
7.137310371885690288e-17
-2.060258117692696291e-08
6.001019555457454135e-04
9.519047771541519642e-18
2.571861355967178711e+12
4.049239163151564789e+10
-3.441087785543177277e+06
5.600258630776627688e+05
3.739804556736814334e-01
-2.678596069019284669e-15
-2.677546032988811930e+01
6.943579715301801977e-17
7.381551161527743340e+08
-1.212394843083959295e-15
3.015278947728634447e-09
3.243561552188152400e+16
-5.212988203052839626e+23
-1.794298719520450560e+19
-3.601765722096974850e+09
9.765578013589621520e+00
-9.695869119049103447e-07
-1.018950036552597558e-04
-5.755473761710119992e+07
-2.627066127386298966e+00
6.434065423599455956e-05
-7.870997122878555954e+07
1.110936352684618740e-12
-6.673342562012830611e+24
3.542505118946453929e+07
-1.701568636204501672e+02
1.193472415480464548e+08
-5.641256732279348389e-15
5.690023652371674805e+11
8.839109527522237060e-18
1.793842251083235741e+08
-9.128821060645254948e-02
1.599491219317247858e+06
3.644625482736480626e-18
-2.419733146046055908e+11
3.797192749966915846e+08
9.417644186264049040e+02
-4.791409465574645996e+08
2.621590350943881376e+00
