100 4.07e+29 6.124402335287594257e-01
-3.295403955219531000e+15
4.637593055804931780e-02
-3.818346490208215528e+03
4.361440844745989442e+26
8.713060699048197266e+12
9.983337436634540154e+02
-1.053281218433461785e+08
-1.719619186547456249e-16
-1.726234817420508033e-16
-1.603437731575794439e-14
7.706129018143415451e+06
-5.088953234529403562e+04
-1.198984495937367445e-01
6.794721793126017430e-06
-6.972707878274106770e+04
4.068108982004339099e+08
-3.141727467305533891e-17
3.626413905220614876e-10
-4.809264875622948632e+06
4.648692366161386719e+12
-2.809179511814561714e+00
1.591417549422237184e-07
-2.554412552139868164e+10
1.128267803097915944e+01
-3.687107591541949336e-03
2.355153868883950233e+09
-3.080502333271477800e-16
2.951363474045976562e+11
7.725552279202903750e+14
9.821746089777942188e+13
8.507594109445150965e-14
2.332288474023713026e+25
-2.330798358795543868e-01
9.637866705843881226e+10
6.608014396118164062e+08
3.594688420731989093e-15
-7.017096524131753554e+00
-4.051111373013890625e+13
5.193274784532810561e+06
6.034655501029788718e-09
-5.389476485741333619e-16
-5.051579729142861441e+06
-3.824694218300453424e+08
4.370045034804717064e+09
7.614656423155366299e-07
1.406925912811748733e+27
2.268997067875362868e-07
3.871901305151806421e-09
-1.344041912429211879e+04
-1.327336559398366796e-10
-2.470169711311140625e+12
1.637528283372499695e+11
1.184179660653987298e+02
-2.253317832688971729e-11
1.902384361876315918e+11
-9.950079023001370685e+28
-3.830084042892753906e+11
-2.515003080273435498e-03
-1.971599246590826660e+05
2.255970433964546153e+28
1.959348123707228808e+02
9.027632740896864050e+01
-2.501200289796691039e+28
-1.687578069616885636e-08
-2.511805044218275943e-04
1.202602829525937449e+23
-8.130859656660572752e-07
-1.639343469997980862e-02
4.565841981969519736e+01
-3.103669314932427369e+03
1.000883105027495202e+29
4.500946505590724219e+13
4.771638643608357430e+09
1.258930372935206032e+10
-3.745647623878528001e-06
1.141145103020725790e+22
7.096534796956842000e+15
-2.804419815139133664e-08
3.627832473238219716e-12
1.442418816805294042e-10
9.764451306185498834e+07
-1.147963554211119888e+06
-5.222518223783627152e+07
-2.186832590709131748e-09
-1.740220991124904926e-18
2.056149001630592346e+07
9.982840933093221577e-16
3.574345196754100329e-15
6.394960562136270056e-09
1.261133210306147193e-10
-1.746268179619835139e+24
-4.064966146124748893e-14
1.119240444895463257e+11
-1.714899557551068068e+08
-1.406118172525980600e-06
2.151444436980825729e-14
-1.953067251272166893e+07
-3.727965717660664596e-12
-1.775460737200614328e-03
-3.533886323526977513e+00
