100 5.98e+07 -7.168626693935025163e-01
-6.753564209164711656e+02
6.809251690252779987e-01
1.099591463188406094e-16
-1.997355068728691663e+01
-8.420482318689534490e-17
-2.126800616255254671e+07
-1.083339863509966694e+00
7.272398608240334378e-17
9.928502065465080769e-17
-1.346645235023437470e+00
4.510818714270862448e-14
-1.353802706923962205e+03
-3.499733894902732789e+00
-3.573410325042892577e+00
-1.271752008047291423e-16
-1.602671353629302331e+01
-1.591089344198199907e-14
-3.245279144840759657e-15
-4.263909382333451425e-11
7.028601020956280536e-17
4.306450834023529751e+03
-7.252114707698147811e+01
1.073052091315013177e-13
-6.119133221714511780e-16
-2.059384731756422357e-16
2.810118066429288288e-13
2.983860265116878629e+00
1.655864252260885683e-15
4.232576972457813724e+00
1.180378792107790353e+01
1.125495395075514438e+01
-6.517438092377370393e-17
5.685794550103277778e-17
-1.064985826320470119e+00
6.373755142111893690e+01
-7.307947787233302961e+01
-5.117353628905104195e-12
-5.793225179665622469e-10
7.697422353377175785e-10
3.562591754689767498e+01
-2.937140332584631932e-17
2.385393360171477894e+01
1.386239822577625047e+06
-2.480121123630368621e-13
4.042414328018637152e-16
1.193787971139829544e-13
4.588117334536716292e-11
-2.784198349407369619e+02
1.725009998240557769e-16
1.102717380735380650e-17
-4.114297636246811474e-15
-2.383560930884350400e-15
-6.467436590021809746e-13
-1.111926739934758324e+00
4.174915798390632915e+01
-4.797496351489296096e+00
1.328686316707570995e+03
-2.977878289824420932e+01
-8.287697462906954620e-17
3.159545290142534313e+01
7.648004873168270024e+01
6.826744936461129328e+03
-1.500306209815759573e+00
-3.777478751298710904e+02
1.484154310461269510e+01
1.392355834540794964e-15
1.519702129994352775e-16
7.461344842140112214e-14
2.161688594667176488e+01
-1.376649531421469583e+05
1.202149439650911026e-15
-1.199322271807150537e+04
6.074376649656776372e+00
-5.658017022594720657e+01
1.552844820265953139e-16
-2.330117939880521590e+03
-1.153189339458497702e-15
-1.293806086005718470e+01
-1.423506675774537497e-15
1.158763048763792902e+01
-5.000489992893781151e-17
-1.558656450569655212e-15
6.258217292824999056e-01
-7.670175271905276867e-17
-6.960491412301951186e+01
-1.258109329464461627e-16
2.814077585990757040e-16
1.903505585650640354e+07
-6.152043855534247933e-15
3.594683756947333183e-14
4.240403364523884222e-01
-2.023250221154991220e-16
-8.776418829183459820e+03
6.412797224399585502e+03
-6.755705588470308267e-16
4.594662746021144053e-15
3.093991371245740113e-17
9.913289169379451778e+05
2.536585924019086579e-15
-3.447797948825287762e+01
