100 4.74e+13 -5.610086802234959258e-01
-2.490522264098423477e+00
2.442141170230316675e+03
2.201376536850707246e-16
-1.125581684101914781e-01
1.338359869068189711e-04
1.423946589613261334e-12
-2.700798764659794081e-12
-4.432536013124150475e-18
-2.409680203367824142e+05
2.488795100708628283e+01
-3.530316513635802060e-18
3.297078815497401277e-12
-2.104843036058194230e+03
1.759470801647341034e+02
1.356039607370774083e-09
1.727374880375167862e-16
1.283577739758464886e+05
-1.132058180058566642e-15
2.374930295163016999e+05
5.993466330041463134e-15
1.393632953873417957e-01
4.231722391054069021e+02
2.601201212632687384e+04
-1.227841767064155363e+02
1.605553641317498779e+10
9.049835227307912879e-12
-1.013842269668736117e+04
-9.172178982349021484e+12
3.414268925026589304e-16
-1.953497479200368335e-15
-7.489291820302535400e+11
-1.319758254833915608e-11
1.459818154405138455e+07
1.824943441258763898e-13
1.246432756428769091e+06
-1.015571176493776147e+04
7.012254383491833210e+01
-3.320628063114146484e+12
-3.899158545755891282e+03
-9.536204953838039008e-14
1.377733707894689417e+02
-9.806320656046712955e-17
-4.335052582040405727e-15
-5.889720076603853390e-15
-3.240835563880979663e-13
2.780634626851195890e+00
-1.001795245924928895e+05
3.789047870390930027e+07
-1.533588211847291423e-15
5.063850772027292280e+00
1.306261330353360743e-13
-2.644856285159984381e-12
-4.750260158875522141e-15
7.129790011995261719e+12
3.190296723158858767e-04
1.647030446357752176e-07
6.146911278553938477e+12
2.154435925243478268e+06
1.053112214959227558e-12
-2.318457411759886017e-09
2.767520786807857466e-11
6.457492665038448365e+01
2.535853755857182179e+01
-3.183989956712759713e-14
1.543152150333154678e+09
-2.098860173481187086e-11
3.251379854827371501e-06
-4.063351705843529498e-05
-4.618696872424078720e+03
-2.279674526459502193e+00
5.797705528894225524e-07
-2.320503354696947178e-16
6.436904124159231744e-04
-1.171151739088042259e+10
-6.594510444986819664e+01
5.207115325696031710e-11
-6.902404602518359115e-08
2.318798748209404573e+07
8.872157258708845973e-02
-5.064349801250798322e+01
9.834323140305319102e+05
-2.302366585999304860e+01
1.496813565355335797e-16
-1.871942552657199221e-04
-1.901294416534354603e+00
-1.117760239057563535e-14
-4.232699062943314202e+05
-5.802712396327361976e-11
-4.093217554180719757e+10
6.357683857815150259e+04
3.347764070799515308e-17
-6.499790140732356507e-11
-5.373474480591535394e+04
1.013778652354648753e-15
-6.209754794665423879e-18
-1.025441578516283947e+01
-1.282603692257910244e-10
4.494881194195125972e-15
-1.571364110279864585e-14
2.709008724216647097e+05
