100 1.33e+30 5.955074292910893241e-02
1.994150483830735510e-11
2.211697518077674783e+20
1.475223087968873061e-15
2.272337237552532181e+07
-6.074690389496312064e-09
2.034344978168967089e+02
7.323823096922326261e-14
-7.044475066284215164e-09
-2.043042521627100522e-11
-8.640599595306389347e+02
-2.599353651610745131e-13
-5.499584485887190066e-01
3.046896053633620007e-08
-5.460778230169916382e+11
1.960317197844942746e-14
1.460335312714994922e+13
5.298506168900615876e+00
1.850919427072826186e-11
2.104786240837061802e-16
-1.050904880809030146e+04
-1.315003989459524219e-10
4.991110191038652896e+26
-5.300506187604489838e+01
-2.824543295726990909e+05
-1.371353551863430766e+04
-1.717879998495127634e+20
2.656470197731801309e+06
-1.583275560492023877e-07
-2.446869080187525114e+01
1.295790214855615402e-05
1.240423835957872053e-07
1.047679085127622223e+01
3.126295403963831055e+12
4.559190183816022536e-05
-2.154300733637183189e+09
1.495961404827198736e-16
-8.359899630395618750e+13
8.656072582023954351e+24
8.987495946591357310e+00
1.936344403839304199e+11
9.193951139262821198e+09
-4.199063958021745108e-07
-1.342173992541304726e-09
-1.771637422981939453e+12
-1.590946383092584229e+10
-5.848086470454063237e+04
-2.705536374122353210e+11
6.355257014236904144e+09
-3.814706024591283574e-11
1.205087490654513836e+08
-2.229230039082034273e+04
1.274205819209295325e+06
-5.374521121573070893e-17
-7.259078502118465030e-10
2.186912680375509644e+10
-9.921502900961561011e-05
2.642303377062220573e+08
-2.631800275290063636e-12
-1.314596121988009766e+12
-1.997065281271338216e-10
-5.367712319480701117e+05
-5.935768348341031931e+06
1.377589268481750488e+08
-4.750534128562596128e-13
-5.741423821881310141e+04
-7.140316731973296947e+19
-5.053002304418944490e+00
-1.650716934510128991e-04
-3.617200209421201620e-06
-8.768258955438695068e+11
-2.009968524506674256e-05
-3.785449548053123290e+05
2.417988494579212248e-10
-4.203979529699752214e+26
-4.783857337870263672e+11
1.377226476881288181e+04
1.484473501315756607e+10
-2.262978663599077365e-08
7.289460399070105600e+16
8.397331991980241239e+07
6.677211455016476975e+02
1.284089572394619298e-07
-2.294254653348551749e-16
1.317570184236838031e+03
4.855728259474216429e+03
6.016070698026487571e-15
-8.429282749465860426e+06
-8.402961216740674560e-13
4.681396704635944346e-16
-2.775466938631621787e-12
2.647270393586835265e+07
-6.019214846054764603e-04
7.107720614570371661e-14
1.012737677693942295e-03
-5.633972894030878255e-16
-1.076260582106734364e+04
7.024779752778193951e+08
-3.926530354991033435e+28
-2.524319993064512602e+00
3.917793443314301198e+28
