100 1.21e+06 3.659654432153775505e-01
-2.313357241039385917e+04
-4.640461062546145088e-15
-7.928833315788321763e-18
-4.595440628480856898e-17
-1.266912743577600060e-14
-1.150631315232508219e-12
-1.707824157262545777e+05
1.736308422420826503e+01
5.471191774363719560e+02
1.631668192188079259e-13
3.692126930135444582e+03
-8.688211802234570488e-16
3.465642976183496602e-12
-3.244177305857515750e-16
2.516369945242222418e-16
1.427913294918471965e-01
-2.478006211430599351e-16
6.802497184365753828e-13
8.550662842940981479e-14
-1.301734161321887200e+02
-1.078063453284183026e+01
-1.266462748931593583e-14
6.062258666701624511e-17
9.612750703467652784e+03
4.063740948585393195e-15
1.001969289285168685e+01
2.018633092276226097e-14
8.972196353975420061e+04
5.450365445462015603e-17
3.755841884184156515e+04
-5.839763316207100985e+01
-9.475604220476240014e-02
-4.406559768375279735e-13
-6.153911858846413499e-17
9.337218956248745094e-01
-4.106480341588796589e-17
-1.464389379921437495e+01
-2.112507704348486192e-16
3.912671914683016894e-01
-1.201811842601114400e+01
1.357665253286207907e+01
1.095194206466473031e-12
5.172041550729268816e-16
-4.189289001656019140e-01
-7.280493439780640927e-15
5.306834957009114451e-01
-8.323115913437086021e-13
8.811094508540889825e-01
-5.895710432228320277e-15
-7.804107605885249654e+00
-7.424166091550546298e+03
-1.063384123843170848e+01
9.047527033033023258e+01
-1.266017045204888660e+02
1.909831980812185463e-14
1.280972574432185964e-14
-1.915029040525389305e-18
-1.151071841060108805e-15
-6.209360672881912476e-17
-1.284941039139412169e+02
7.388203707639466813e-15
7.972003694807183365e+02
-6.948791256837739638e+02
1.441740575203075636e+00
1.877530953314118563e+02
4.259779310780137281e-19
-2.006061325562850683e+01
-5.108133577539862901e-16
-6.331236988298905528e-16
1.787818997052643510e+01
2.419162425450692172e+04
1.596706578319234506e-16
1.641537363269076104e-17
5.338826126195172947e+03
3.070809545512242076e-16
-1.771172191171502709e+04
-3.180746401171087800e-16
2.231613587388120834e+01
2.488960251921374720e+02
3.466796527755992151e-17
1.458096925856278861e-15
-4.815365207037272626e+02
-1.484389712668715382e-02
1.771310012014466447e-12
-9.674548182145635129e-16
-7.310498496373525996e-18
1.298440432652662579e+01
1.118403704515360456e-15
4.906080294365186273e+04
2.557738295198674556e-15
-2.924524164251768976e+00
4.344537321728276780e+00
-4.143157326551812503e+02
1.220046485430651195e+00
2.165194257444771462e-16
1.196371212179027133e+01
-6.562934191037714144e-16
3.370454736328142520e+00
-1.539797808189314246e-16
-1.280897757912367707e+00
