100 7.14e+18 9.419104630813496248e-01
6.328505681297538280e+08
6.574078799814105878e+01
-3.357150869265454080e+18
3.265368197233241219e-14
-4.823924374457231250e+14
-2.926637298272561654e+07
1.772025247733497967e-14
-4.809630496612631134e+01
-4.107964433046343161e-16
-1.188023630728335492e+07
-8.377955288102990094e-09
3.469285605598303393e-12
-1.524886086218017616e-14
1.251206204110676011e-09
9.883604415038113373e-12
-3.650060354122779369e+09
-2.771681592640582128e-17
3.589538241243454440e-06
1.863356391612451385e-13
-7.248554137188823461e+02
9.932598073877443111e-15
4.038294447278781285e-03
1.647961501644903680e+18
6.872679528032883809e+02
-2.965919124240808195e-16
1.854458900874081842e-11
-1.896139738173609863e+12
2.652033114012788246e+02
-3.564539941451133620e-02
6.372416115897059441e+08
1.130333566206529916e+01
-1.155434907581484877e+06
1.652686467209575000e+13
-3.137707529632945079e+06
1.409290224702091429e-08
1.810117495653655138e-12
2.121842099748234567e-01
3.969424815873835981e+07
-3.078342826087751671e+00
9.305129056583023514e-04
-4.720292345317133709e+00
1.094447351311181307e+09
1.031830638856528140e+02
1.213477254360538101e+10
7.938734302856238599e-12
1.367160932316250750e-09
-1.055477381229859500e+15
-7.056486265983006249e-08
1.021491656090105247e-16
4.322702199321278194e+00
1.607178120901393836e-04
7.593151114544025404e+01
-4.661322184098178695e+03
2.388114764198714111e+05
-1.722612294640374644e-09
-9.452805213839402774e-09
-2.733553637411976979e+03
3.393374483020175248e+05
5.085854808218772500e+14
3.618748059510483927e+03
3.688210580522566239e-17
-2.984820106950378249e-06
2.096814126790093465e-07
-2.130906763924676284e+01
6.867663264944302258e-14
-1.843732384666683078e+08
-3.776450270415225627e-16
-5.532719669654885264e-01
1.390311155790870226e-16
-9.857064203122406498e-03
-9.573361773400333950e-16
-8.660231386540052984e-10
1.648125702827653888e+18
-1.232035392836655676e+07
2.802920172315642056e+00
6.825192654901165600e+16
-6.731410675095202148e+12
-1.779127117232299661e-11
2.070502112735125000e+13
-6.188025775641262000e+15
-1.849747944594248981e-12
-9.023314227795788320e+05
-2.680037937662324309e+08
-2.684943938672165333e-11
-1.109980340825157692e-07
3.410773303667358537e-15
-2.339898192628697693e-04
-2.869976628228751943e+05
4.338540074438590088e+11
1.335295299319594731e-16
4.308353150725865999e+04
-6.090637784151776252e-10
1.165524772532088491e+02
9.077592405108395033e+05
-2.111538628575868011e+08
1.389810011616017693e+00
2.674749246440152899e-08
-5.184344639313472726e+03
9.485165827611901079e-01
1.111253677737662317e-13
