100 4.30e+05 2.728116748054117968e-01
-1.367811519235939458e-16
-1.534408651981015425e-13
1.507336663467986182e+04
2.992738599006681710e+01
-2.993914830247349396e-18
-5.408410108585842028e-15
-2.083400638654799926e-14
-1.228026866238416298e-16
2.430847291713617778e+03
-3.559727116048944675e-12
1.044761301992715306e-15
7.551839444287585399e-15
3.620635872460779296e+02
-3.069562302723791266e-16
8.698866701629347124e-16
3.581021075009372222e-16
4.899509229200071330e-16
1.502222140127881630e+03
-6.105072197132394649e+02
2.658293898275906606e-14
1.916055744591637449e+03
6.185261217497545871e+00
1.005956428245886336e+01
3.173949312527360235e+03
6.263151339526287621e-17
-3.695506647171804857e-18
5.504581284243933390e-17
2.008810008633835494e-18
-1.367672990342622811e-13
-4.415082980514515043e+02
2.227039516018705534e+00
5.073103956251056035e-01
7.393368446130049065e+00
-2.658686932003646142e+00
1.428815638157358591e-18
2.643623182951957915e+02
6.782358263987958713e-01
-3.757322672908412642e+04
-5.980296065532192529e+01
2.092258147458917446e-17
-1.681521329623580095e+04
-9.378150431387071753e-17
7.038722079396413367e-01
4.242871733107043198e-18
8.896745918922052354e+00
1.419653151332302299e+00
-9.677916378545018176e-13
-2.699528698352016143e+00
-3.208230133259329264e+00
-1.617089446215495534e-15
1.804703175037941271e-14
1.242427887400894377e+02
-2.406101229998759087e-15
1.499487914674911281e+03
1.812084649857201413e+00
-3.056414766355402890e-17
-2.166714889991770178e+03
-1.371559877721100485e-12
-3.072858235283294803e+01
-7.101295724322194150e-13
-3.360940208056245331e-14
2.034371717166226530e-14
6.430230905457617619e-16
-1.110912641429448361e-14
4.286064565269751814e-15
3.183078525903311515e+02
-1.753959453729614954e-16
-3.580736440929126019e+01
6.837389034958903100e-02
-8.793988049178217658e-17
9.898036095308759327e-14
-2.221289870226848393e+02
-3.756901013383720664e-14
2.017125645014178008e+04
1.103283002393793140e+04
2.408872489875841794e-01
3.038822824162925719e-15
4.590120825854507984e+02
-1.065340949828476980e+01
-1.757581237216073803e-16
-3.407522470962069190e-13
1.407918388171239821e+00
5.007459638688227297e-17
-2.326252819095697646e+02
-2.138329632238096245e-01
-6.942897778933327402e+01
-1.111293575777330861e-14
2.749171056207570700e+02
-2.569805381738992476e-15
4.400702077111083854e-01
-1.508050221221728606e-14
-3.439046178107158273e-17
-2.348256514022634178e+01
9.808562982755893099e-17
-2.959386348587999294e+01
-3.604441992696221152e-16
-3.339786421522053956e+02
-1.076884245485818958e+01
3.339815381781842674e-01
-4.449373641451931030e-18
