100 8.75e+03 1.744060415126951202e-01
-2.324647005052040527e-17
3.151444473548817293e-01
2.260444448916049988e-17
-4.186603200113648475e-16
-3.826237673767873826e-01
8.440973419110442411e-01
4.614993277539595963e-18
-7.938236929305875211e-02
5.988665339214772978e-17
1.883060287344967850e-17
-3.923666795907895022e+01
5.699025187773955849e+02
-1.833880427897563692e+01
6.850874979250205186e-17
-4.954988887680035425e+00
-1.451966818423273020e+00
-1.116272959122453530e-16
-1.167642535075145460e+01
4.330054388745730343e+00
1.472980109828358959e-16
4.751549935781599916e-17
-5.464450681425821667e-18
-2.336075980514416809e-17
2.909437353704360518e+00
-1.035127822890879077e-14
6.689780229930704456e-17
-6.873530443602723227e-19
-1.232387369679623923e+01
4.954329534060073285e-15
-1.966604407177075187e+00
-1.628149017686331135e+00
-1.971638303935299025e-17
9.937884154374346249e-17
-8.646560777890875438e-18
4.910399098903857507e+00
-6.147751612054353111e-18
-3.176334167912936657e+00
7.182397050212393497e-01
-2.666425490449449798e-14
2.991172050582243713e+01
-1.088033312309936830e-18
-4.025506247006284122e-01
-1.247726009279021553e-17
-3.023201110888096152e-16
-3.089365892890177208e-15
1.002087051140858449e+02
-1.018698123592104273e-15
-3.060250500394811756e-16
9.498117103410957971e-17
-1.531097212445429623e+00
4.967992245387417016e-01
1.989719756013417773e-01
5.415943902951958044e+00
-6.781309572273790408e-15
1.828150008583210751e+00
1.974081620212972954e+00
5.579698328238412941e+00
-6.442137746694671652e-01
-5.329462761310622909e+00
-1.634755110444771469e-16
8.937823878038173575e+00
-3.688988325613615970e-17
-4.015589240053934514e-19
7.919667048164903744e-16
3.165490595937019425e-01
-1.656573438697902431e-15
1.903433690331945938e-16
-8.877427170062070030e-16
-4.107852728761188004e-16
4.050771802424685930e+00
-1.515474578845826237e+01
-2.676937397039561350e+00
-5.413174837150021013e+00
5.083404732587387675e-01
-8.086126953511318050e+00
-5.847252706836313152e+00
-1.462542434493881686e-17
-4.911647709023088559e+00
3.140384523380669979e+00
-6.495899859914166541e+01
-2.534903088312202346e+00
-1.180623692987036727e-17
-1.406955995440913510e-16
2.567232570744795172e-17
-1.909619007240446458e-17
-2.992773662931752297e-16
1.407104967411992923e-15
-5.180276886655852877e+02
4.932426953588812366e-16
-2.562353780259861047e+00
-1.132369416067722057e-16
-2.907323495322341423e-17
-8.163045365772085022e-17
-1.006331702141768578e-02
-2.928230382605759985e+01
-1.038913963254709446e-17
3.450615807040667171e+00
7.768964093681132620e-17
1.214297483393237798e+01
6.723256334466305439e-01
