100 7.03e+11 -2.546231993592385501e-01
5.211983492285944521e+04
1.615279975014008755e+02
5.415430705096346831e-01
8.799434947899154663e+10
3.865726180398064835e-17
-4.768645335262224764e-08
2.013452209268090775e-12
-1.387137118578230184e+04
-2.129512811584268540e-14
3.706965145405556487e-13
9.585607827553126791e-08
3.751466292838368659e-13
9.484744812106679844e-14
1.440779780079969665e-11
-5.825165915432481079e+00
-3.042272778104099751e+09
1.055827000849721220e-10
4.769636906918861108e+00
2.443619463884058893e+08
2.652730533759938044e+04
1.486101994279039967e-16
1.681517851221532567e+01
-6.627890357267673608e+03
-8.501429349289663696e+10
-1.977714427683501344e+04
-1.618791796801212706e-16
7.090082669037094824e-16
-8.284529480724501127e+01
-4.421085553358943248e-06
-1.326174083096405337e-15
5.968535392947406546e-18
-2.669192249319420895e-01
-1.527501582291973534e+02
-5.350305640586271494e+01
3.971815337440233896e-15
7.754419865657194021e-14
-5.457295786226523814e-16
-1.708882886607168972e-01
-1.108500249703646114e+04
1.043128492764347615e-12
-1.416648846555864226e-08
-6.335581306633742121e-06
4.427520717360712484e-15
-1.077763798294970723e-15
-1.017217232880620159e+01
5.945730688546267752e-16
-8.665386483762046055e+01
-2.565187555130253383e-17
-1.157584995886256218e+09
-1.175799302431456514e-13
7.015821547940493419e-15
-1.666106432148206693e+02
-3.029058703509981177e-16
5.219863051674773617e-15
-6.364796857657333273e-01
1.954335890548817133e+03
-9.629510441703872383e+07
1.267113060153825998e+09
1.205135040368767996e+01
3.933291895229504995e-15
-1.240819127928222961e-16
-1.506236864672499942e+05
6.338942702158056724e-16
1.066681672062410037e-13
5.112042649719421397e-14
-2.223859481678047217e+06
1.342274273291689690e+00
1.742521665441614118e+02
1.965044728914599194e-16
-5.976119118947232116e-17
-2.429647691635092421e+00
-1.348770466189597300e+03
7.707678835049563714e-09
1.379914399092433643e-15
-2.924197329349873087e+01
6.520626643141690055e-15
4.394524820606882155e-11
1.354835200238925381e+02
3.215615081882251616e+02
-1.274866515809786094e+01
-1.221042813209575368e+06
2.216989977261127951e-17
-3.099161657696031911e-13
3.031271099341477996e-17
3.399213463673065289e-12
7.314799823302942059e+03
-4.432228654788064887e+03
-1.913123825497110486e+08
-4.231180112248454184e-18
-7.082829552045408761e-01
-4.931824962699278816e-08
-1.086979356616641815e-09
2.360202938805422335e+01
-2.686241397249729107e-17
3.153677262557697031e+04
9.107093942598718286e+02
1.169764440222603313e-01
-5.336807626912242267e+05
1.772129373154069405e-15
5.957872380079565211e+00
