100 5.02e+04 -5.788138449719295586e-01
6.180899998377208114e-16
-7.850087786049950722e-17
3.872760676688561432e+01
5.854260010485954346e-01
8.859373990541337562e+00
-2.917120789669506564e+01
3.203174114014460285e-16
5.686662487842906621e+00
-3.218009875795471979e-18
-2.945366940600636063e-16
-9.066586354925689761e-01
-2.226516033697512846e-14
8.944241451819586928e+02
-3.548492773910853494e-13
3.945335108904357028e-16
1.317063496568061528e-17
3.776298566427539299e+03
4.580780853007244691e-01
1.185080641623725839e-02
-8.926298948219115846e-17
-2.019157036885579363e-17
8.229354898858565193e+00
3.765340875065785187e-01
1.057231656854203210e-13
-6.677823711858051681e+00
3.691949152126075262e+01
9.746761302327375147e-15
-1.398413685320632851e+02
6.986324952869819215e-18
2.974257787463224223e-01
5.718592252092890669e-16
-7.681003334359902887e-19
-1.394964264558630566e+04
1.205504689757360890e-15
3.451510497690137428e-19
3.706172171183717772e-16
-7.360110035917568183e+00
1.236778535904567690e-15
-2.963642117218069139e+00
-4.865932424396190448e-01
-3.138184395585437159e-01
-5.907546052514027757e+00
9.271126654622580001e-16
-1.134014488295441225e+01
6.317534741754557862e-16
-1.146689448271700541e-14
9.725801917457733266e-16
-7.209500824582919826e-18
-5.001863296617054501e-17
-1.763720841938271120e-16
-5.471152103529582256e+00
-2.169287852867546256e-15
4.457068952404785733e-02
3.382285122771781981e-16
-9.629138694711885549e+00
-9.296792190234195789e-17
4.735986850283233252e+03
-2.312234142696984236e-17
8.524579703115873208e-01
-1.730365275349719845e+00
-1.664190587022536805e-01
-1.934074352865690627e-01
5.290112433547638915e+01
-8.304955064141866123e-16
8.851850629684743232e-02
1.007235576086649892e-13
-8.702616371152691599e+00
4.281398207392318159e-18
2.934414994424814349e+00
2.654100484078608676e-16
4.018359925523402205e-15
-1.943973076207881068e+00
3.364889659723296977e-19
-5.394365745008070153e-16
-1.673155955661504138e-16
-6.316468556753663953e-16
-1.355584632501696660e+02
-1.938372721501379729e-13
8.971404754877826804e+01
2.886360590299016188e-14
-1.515482331300217307e-17
1.502309045209220812e+02
-1.753269828503855265e+00
1.461615895366759602e-17
-6.140639846672774377e-18
1.431988055235584234e+01
-7.725063200928548213e+01
7.609465084456032535e+00
-7.496032216587616930e-18
-1.553669036265127756e+00
1.538222819005451392e+01
3.156131344386908965e-17
-7.901830389374142616e-01
4.673535135450795214e-02
3.535732339261857305e+03
1.143725617816198110e+03
8.026894186716573750e-17
-1.216676366730018231e+02
-1.977992744367946420e-16
-1.991460199689742790e-18
