100 2.55e+27 -1.989873615774253035e-01
2.109990192244677463e+22
1.765088684781307529e+04
-4.424700137742399245e-04
6.814050895784292553e-09
-2.095098466811037151e-14
-1.987113629735208675e+07
5.491903573410800848e-07
-2.690517698865380225e+04
4.494574139174267202e+01
5.478894465460202386e-05
6.031940215322463700e+03
-4.029184813908682372e+02
-3.831218713363543065e+04
-4.420158924538041380e-06
2.277685700162762638e-15
-8.423935729236376483e-15
3.198498888600218010e+19
-1.557748448254460800e+17
1.916234461533491412e+03
9.767610846360495064e-05
-8.088583818973826139e-05
9.368794114724566633e-17
-4.769674396180904928e-09
-7.179558941326528526e-06
3.739897412666013697e+05
-9.471854121751263647e-10
-1.127112477367115021e+08
4.215994203166699350e+01
-1.542791773796359928e-09
1.052272635675849859e+06
-2.848694603908415139e+07
1.854557799884009456e-03
-7.539639952882728516e+12
3.550282017356224365e+11
2.750763577174429665e+05
-5.400479466552496888e+01
9.424222851178335259e+04
1.961817915945327331e+04
-2.852428390182371487e+00
-6.992918130028982162e+08
-1.517278147709036773e+01
3.813012372368902486e-06
4.955460987356000028e-11
-3.353959117440264245e-07
-5.196272512333675877e+02
1.581253727733834077e-16
3.029355857704946995e+08
-2.680168741136866313e-10
3.584816325404604912e+09
2.534769474912980179e+26
-8.267650288482251702e+21
-4.454729554637252808e+09
-6.712466816344858398e+12
1.478816466480078848e+18
3.659420455399569414e-09
-1.022126690284992676e+11
2.318188226513102634e+00
2.163509553871859481e+01
-4.165537413899812847e+07
-1.454725764007618127e+05
-5.727055322205643094e-14
6.637114670404440064e+18
1.027648027889375023e-10
1.205900556904412842e+11
-1.737028229109518397e-17
2.554196838707267369e-09
1.057041951533034444e+06
2.736628663016504106e+02
1.475573451067822266e+10
1.358796991534575414e-02
-1.160052231896963112e-09
-4.703321144078562164e+10
-2.598675653630471538e-11
2.012666620894556396e+12
-2.501619765294475317e+26
-2.648748235297460559e-13
2.675243253351985477e+05
2.197788643157816998e-07
1.202853112284626027e-16
6.659473112706311047e+07
4.932890078560729511e+06
-5.023113841263576678e-19
8.013081438463654552e-12
3.969311842662634482e-01
-3.325556070553461841e+24
2.847887678484533325e+01
-2.208260230149702500e-11
-7.727271145862073242e+12
-2.141731883825236675e-08
-1.050473171287114258e+12
-8.208724212591025233e+07
-3.589656107516492528e-12
-2.488755311773831770e+07
9.832181778133097887e+08
-2.287088089705495921e+21
-9.075008457142181175e-13
-3.467790578428904804e-13
3.421514622877388672e+13
-5.525058914202784072e-13
1.057490848659168778e-15
