100 2.57e+04 1.394772668604563060e-01
-3.190914725970067916e-18
-1.036281001687492462e-16
-1.308069971024637998e-16
2.095145599593163155e+01
2.413655389153602637e-16
7.453925183706622271e+00
-7.758918946081864476e+01
-1.889225987891451268e+02
-1.124222499477715242e+00
-1.093138961191852668e-14
3.819389631653794304e+00
1.190968740986850349e+01
6.374234753009612599e-17
-6.333219629746236201e-01
-5.656531858796519430e+00
2.546892028496176051e-17
-9.033332886569558307e-18
-2.258927324614346705e-16
8.166155021306141714e-18
-3.184042554651388968e-01
6.940010284940870620e-16
-5.111559556135651938e+00
1.374752743198438793e+03
1.004076088863399201e-15
-3.864609420690407518e-16
-2.314335369152363171e+02
1.049534021227194464e-13
1.760436556256532059e-16
-5.862217600101755632e-01
-1.519551847294860738e-16
2.570779118110362660e+01
6.366280165173251753e-15
-1.113693124740643725e+03
5.154525484985448757e-17
1.384938995054042188e+01
-7.848570065805385632e+00
4.000072060566864707e+00
8.170327202964693988e-17
2.742628961556282649e-14
2.042940377930029527e-01
3.823834794700943993e-16
3.475671750302340421e-18
2.349557895057554351e-15
-1.071054435718104658e+00
7.594801359533047222e-16
-1.423523584694875588e+01
5.170763573083466157e-16
5.856145311177700867e-17
1.592003623192587899e-17
-1.493733884458556638e+01
8.875182854720750599e-17
3.092067294492877316e+00
3.303404649618626365e+01
2.975346975085884083e-01
-1.715369761437486450e-17
1.323128243734756433e-15
-1.491294638116658165e-17
-5.850597383647906380e-01
-3.353227374151826012e+01
1.404508473920461105e-15
-6.078299390691333533e-18
-2.208373732571317749e+00
-1.029826236548969211e-16
-1.319221578608176593e+01
2.889577176290404337e-01
-2.289257516258419400e+01
-1.584355107758628310e-16
9.638414203454666842e-16
7.860610519050342078e-17
-2.033468457374258105e-16
7.562676320640642658e+00
-3.889907452052709241e-02
3.549198262233347334e-01
-1.589846977362591041e+01
1.403621278515948011e-17
7.465954466946523202e-18
-2.762441458849416165e+00
-2.747387937528374735e+00
-1.361594831493160385e+01
-5.058818297657653673e+00
2.637966213835116514e-14
-5.964488115355160991e-01
-2.104463392476865646e+00
2.515016169670956980e+00
2.641374152661466610e+02
-3.250672468676268153e-19
5.255722803704852841e-02
-1.063958254225327593e+01
1.628276629604083648e-16
4.229450854841945377e-16
1.354520376109399393e+01
2.868313890263160004e-18
1.366666948104891380e-15
4.962339221690388880e-01
7.089760018912001360e-01
4.389926718283077012e-01
2.419459404992064239e-17
-4.692691516567396271e-16
-8.155492215246612034e-16
4.286854365374996702e-16
