100 2.05e+10 -8.287077141123471158e-01
1.701422230613933359e-12
3.938793663993698673e-13
2.576228007175420501e-09
1.206029606164446450e+05
2.773657315137994261e-18
-4.841329370827780893e-08
6.221195174595650315e+03
-4.028838188237866705e-15
2.613678212128117292e-12
4.746939403165342927e-16
9.716459125966481260e-14
1.203732618250212499e-16
-9.858766047025505922e-12
-4.018518158757110238e+08
6.564937477336364018e-16
-8.084699386927869797e+09
-2.628517271078805998e+07
-4.064187683053412413e-13
-1.201106584520157536e-17
4.450533784524255765e+01
2.624480192169429633e-07
-2.394136642975897011e-02
-8.030685336675957785e-14
1.086124382276735501e+06
4.220769665845757723e+07
3.249644169075034559e+07
2.263672717871356710e+00
1.653738483033990292e+01
1.496119906372849466e-16
-1.401102217672428480e+02
1.102091261641899586e-18
-2.638326305242760100e+03
-8.157734446515063631e-02
1.399497958818865560e-14
6.259681362564225360e+00
3.010703226264603988e-15
-1.315396261801888933e+01
2.499148370439770024e-12
5.010425153902308464e-16
-1.980291780682027676e-14
2.207169677047815057e-16
5.821797033547609317e+02
-1.362523123965296534e+01
-8.461456523333296132e-16
-5.947158024073166284e-16
-3.915919700637782727e-07
-3.422311038417224154e+02
1.546336334362540022e+07
4.477463228086447771e+02
5.307983769205516127e-15
4.697360577335700071e+01
-3.526274783698457895e+02
1.188939125967895146e+06
2.314997853723881190e-14
-2.897642013703885411e+00
-1.009927344723207511e+03
1.319766535549819772e-09
6.195030632355880924e-16
-4.526750356929557029e+02
2.866756750548856703e-01
-5.668248176106104074e+04
5.911777849848079495e+04
-6.080920105919368320e-11
1.719980956466272573e+03
-6.483908134884124763e+00
-1.172967462789812416e+05
-4.228492712974453401e-16
-2.283488478186212503e-14
1.204562469602036577e-16
4.140794956191178877e-01
7.786200129186953545e+09
2.071426901733472943e+06
1.395491859780216826e-17
6.026615324642691246e-12
2.478198381158609742e-01
9.228682779458074944e-18
9.808380500768258374e-15
1.680491874824996898e+02
2.826973744179795816e-14
3.376510153894014366e+01
-4.300338665104671963e+04
-2.303358285810340789e+01
1.236570524363309431e+01
6.321491967695273161e+08
-3.661848862992187431e-11
6.302489540910592070e-16
3.255676094660480572e-15
-3.695211311178073288e+01
-2.654479404357851889e-12
4.695515511487010407e+00
1.579131864124558403e-09
4.243514346819492857e+02
5.678786095909811593e+03
2.841178576792621337e-15
-6.564740251602860610e+01
5.364497661301285314e-14
-1.471408772529867062e-11
5.695340919703328453e+00
-3.804947498511182111e-17
4.134989401591413010e-09
