100 1.19e+21 -5.854329959895996360e-01
1.494397551923079299e-09
-1.623355312927149408e-03
-1.460394494704090329e+00
6.820434819723744072e-07
2.365499175416497600e+16
-1.434715064824741936e+10
-1.417329064647754108e-12
-3.380684083636732566e+02
2.534235155091302701e-08
-8.395761220872944360e-14
1.835386541703162255e-08
1.890920851495656030e-03
-1.509125675115676586e+02
4.058996008261597696e+18
1.346498824713600180e-09
-3.399435063972159816e+20
-3.013919853692490847e+02
1.514271149562602812e+14
5.223302269853442188e+13
1.027562888464098734e+01
-3.461950762438784540e+07
2.475470205021149013e+04
-1.960462764786053896e+09
1.741489759441759816e+03
2.376153235195595698e+04
1.511953783574294329e+09
-1.519121094923553664e-09
1.172569446747416665e-11
5.886511140662337308e-14
-4.228715730362250470e+06
-7.697738026438566634e-16
3.002728806295446120e+05
8.881020731861126423e+07
-4.274472177867570281e+04
1.118799589686216677e+03
-3.206915596941998665e-14
3.318578446706398129e+08
3.449317759989482164e+08
-1.577177726964089726e-12
-4.597505610788543820e-19
-1.925157582443162426e+07
-4.632758633584232455e-01
-1.008988013995064266e-09
-1.379164478909402730e-14
-2.371628007871487584e-14
9.182712687649215866e+01
3.845580699077430941e-13
-2.749264442708449017e-15
-1.394165340909963036e+10
3.584146203469189995e+00
-9.474871094980440068e-13
-2.458759814687893760e+17
1.997551122155654803e+07
6.623114291583920021e+02
-2.510944370558124036e+06
-3.022315497975620223e-08
2.960451267952689786e-17
3.411252442083876924e-12
-5.368947697864275142e+03
1.023860618353678120e+01
-8.950894456071839333e+08
7.999303253684222909e+03
2.323031025025827694e+04
-3.372616896450146451e+05
-1.315367411015706675e-09
-1.027608341514264518e-09
-4.986832775947974622e+07
1.167765113775845490e+11
-3.166734129884375378e-06
-7.930612478098125825e-17
-7.788333754992652288e+18
1.730319342526476589e+01
-3.230395230187999550e+04
-4.785727698719007385e-07
-1.931886964913318445e-13
2.097614610422585429e+03
-9.375379551707436368e-17
-1.865522842664400827e+00
-2.060750619608771812e-10
-9.863320448465104917e-01
-3.963070268732389377e+04
-3.567098116171887821e-08
-1.991024612811866156e-10
6.851930813148965171e+02
-3.581506629223793753e-14
3.873177440609586029e+02
5.645649880505461605e-15
-1.077666905083201536e-17
-1.692807694323595325e-11
3.438949899486514381e+20
-5.392300873491814226e-15
-1.286250704129266719e+14
4.003377874130428182e+01
2.686628226857841616e-12
5.043678115936516231e-16
-6.241435475866599636e-03
-3.308815664978335036e+01
1.672873986289622448e+07
6.210711796374082947e+10
2.607684945236581761e-08
