100 5.38e+33 -1.163812935163252710e-01
6.557804611535733566e+06
4.388627351831440000e+15
-5.916915423793673515e+09
-4.113736727988929749e+09
1.515980398884881222e-10
-1.150329834086743996e+23
-3.383122404079900844e-07
6.778024649033252137e-14
4.306513870938423276e+07
2.976377346765519120e+06
2.971558476911395762e+32
5.727931832322059049e-16
3.439114349397399079e+29
2.440609873805708820e-17
4.169399547069385529e+10
1.449851542891025247e+02
5.153134168337614848e+18
6.304828771632195830e+20
8.812411332734717781e-15
1.057765784162280033e+04
-2.582026001514664887e-10
-1.598527966538462500e+13
-4.786419541999591690e-11
2.735507384983791924e-08
-2.216990457992055788e-13
4.513610375382211249e-06
-4.541943166737581341e-17
-4.322922780624754182e+02
3.102700730713605881e+05
-7.289459280782617512e-04
-2.026971815194762695e+12
-1.665629318267362500e+13
3.847285941459867298e-03
-5.978819955937598876e+25
-7.938847659083582008e+23
2.303613249000582286e-01
-1.080764088967412109e+13
3.896833435901618652e+11
3.816765485689417808e-16
1.552144742137026026e-07
8.017933287499019457e-01
-7.321410411406523632e-05
2.160733301129118218e-06
2.364088173270988281e+12
4.730317830654366000e+15
3.430151540470553398e+09
-2.001587003607428125e+14
2.775457303127002716e+07
9.997735024603917384e+28
-8.590206711872563515e-16
-8.038314593471257831e+04
5.754937074943379402e+09
-3.132082114300503266e+32
1.034698093474687576e+09
-6.567952488740885997e+01
-1.344157869573479533e-04
2.247049541575895778e-15
-5.368825450610205078e+12
9.825561183890466690e+08
1.922805783426278126e+01
8.818590085782507249e-01
-1.256667620950173815e-05
-1.889179643752033287e-10
-9.441191884566200000e+13
3.401416226616695186e+29
5.442730789638675759e+01
-2.997540041350448799e-15
1.886358129591122559e+12
1.541475089112134083e+04
-1.807638956908509521e+11
6.505106439713159716e+00
-1.339293385448886742e-11
3.096652587780213253e+02
-1.059018677331957227e+13
-6.715363585002961593e+24
-4.575617449974694400e+17
-3.921006523831856000e+15
1.029397003522306681e+06
1.132489747342530405e+06
2.700642418828609441e-04
3.879799724577728259e-01
-4.441968278874193857e+03
-9.413049983970090580e+02
1.526840005689593530e+31
1.834011993927514791e+09
1.670731483440331289e+01
6.636845796043074621e-10
-1.205449513461004143e-15
-1.126663047649492817e+25
-6.774001587616148429e-03
1.195264356922829692e+25
-1.639148750073957800e-04
-1.213615110577733594e+14
2.177368538925232031e+13
-6.930337345514252668e-12
6.349310432255924133e-05
-2.697813411076847091e+07
-2.739982513820760697e+07
-2.222523576949039723e-07
-1.569489290263176200e+16
