100 4.78e+27 -5.198995143491998983e-01
5.589105696739698792e+10
-3.730961683969283058e-06
-3.133023089995175000e+15
-3.914821969752232749e-11
-5.049262117145534035e+01
2.432918952961039734e+11
7.016583359011535938e+13
1.159527382250262245e-05
1.203733447531541800e+16
5.114564113118669958e-17
1.742804976776342839e+06
-5.220181850959948677e+20
7.752721210561146406e-17
-8.129622319210610688e+19
1.930265349059710979e+09
6.936117180783469930e-18
3.554684679018455995e+01
-1.105224750975617048e-13
3.212130176812500000e+09
-2.335735362318975936e-13
-1.115030287450018143e-04
3.054384539956038400e+17
-5.271698964561706422e-06
2.189257101210339584e+01
9.375655286289718628e+10
1.240498302693037294e+04
1.025790724387105612e-01
1.242632778973550925e+27
-3.571173210659171766e-09
-1.073140931920308154e+06
1.479902745553759693e-17
-3.867474017887881888e-12
5.315853847446128726e+07
-1.119118570302958179e-05
3.846489854899235070e+03
1.100609095944050074e+09
-1.454579958328708410e+09
-6.477979525489693583e-08
7.167753622954325901e-13
9.355711966759146729e+11
1.962830700473169088e+08
-4.696100015777625769e-06
3.191249203233426091e-01
2.646835397971380572e-12
5.205148770589668579e+11
8.400279380901523837e+03
-5.473404230184853077e+03
1.182777439837800005e-07
2.530805562863355437e-03
2.671150042527238815e-07
4.901225110067429114e+00
-4.087567032135351668e-13
-3.878615299708679751e-13
1.758681286971146619e+03
-4.204220583952107404e-01
2.273266379955506955e-01
1.375900973942644149e+07
-1.406782076887102941e-08
-1.124631461874114685e+11
-2.765996858903708926e+02
-2.626203062560418857e+03
-8.536878903771485394e-01
-1.242632399209523079e+27
3.140831946545814600e-15
-7.726195720165914281e+03
-2.681691324795166656e+04
-6.115642847392170900e-01
-1.349619200105781250e+11
5.711440504004391717e-10
-8.564281099599910707e-06
-4.746531595675290521e-17
8.094630862391187668e+09
-3.597576594492218750e+12
1.209381328770251685e+02
-1.155579953994076506e-13
-1.739038848332267435e+03
1.396620039350350506e+00
1.814941221265221550e+20
2.060240746098798703e-04
-7.549789248653018555e+12
-1.007971942564242203e-15
8.768978998431875560e-01
-1.534200709426747631e-15
1.296128411707524086e-07
-1.193125559607194737e+04
-7.109162375374062163e-18
-1.089382703283066277e-07
3.542711923886549636e-15
-1.951541276912499237e+10
4.059664630572403840e+17
1.714293490751421624e-16
1.015675142503176200e+16
4.132573172188787507e+19
1.744705318381866084e-11
-4.832882100406399317e+00
-1.875287212410599831e-16
5.628570950133497952e+00
-2.885868587800956675e+00
6.881000538610563672e+04
1.570074441390633292e+05
