100 1.63e+26 -2.800222394120844283e-01
-2.652099054682696827e-11
2.603489657255936146e+09
2.048157767774479985e+08
-1.691967735135851081e+00
-1.428793047473384228e-08
-1.450639842558884230e-12
-1.106952823649047968e-04
-1.519379252239162455e-04
-6.407719769792166076e-17
1.749074610121771069e-06
-1.588478163612143668e-01
1.652845553457965569e-12
-3.389280829428933066e+04
-1.611413202915497353e-13
-5.154845661127147675e+08
1.619843097041225219e-11
-4.137029709286463408e+00
-3.375710900499409437e+07
-2.150968597404611969e+10
-2.899491083931246541e-06
2.182830765157733666e+00
-1.869285287564480400e+16
-1.913509769552517241e+02
-5.084499677530227343e+20
-2.182678741395212907e-10
-1.121809851137856571e-08
1.838706744437144636e-15
-5.111168610252323560e+03
1.027891321297857338e-07
1.047965294069258690e+09
-2.537360360130617619e+08
-8.873324559603979493e-13
8.290282181214020820e+05
1.259587641484579945e+04
4.278986245379783898e-10
1.164978962937529261e+24
-1.511627413079301186e+04
-6.837283139252883000e+15
1.282714388915146701e+06
3.101321189649900589e+03
7.517559483242371187e-06
2.657339190277737657e+02
9.579110572207554242e-01
1.790022665678435442e+04
-4.439951202213442185e-13
-3.754605742802088571e+03
2.325289044218942536e+01
1.076836598732895800e+04
2.431779997747421265e+07
1.442497981977416992e+09
3.140991196338582725e+01
1.771187089355181113e-13
-3.947034845711868948e-17
7.168491234261156495e+20
-1.807568654331243992e+09
1.581958141022964562e-16
1.350458247076781758e+25
1.781763486064607422e+13
-1.966099496627680618e-07
-5.586628723328306000e+15
-7.429894183102366638e+10
5.547629149129139917e+24
4.189598686680912232e-16
-1.034303973013528477e+01
-1.999314617248980852e+00
1.593978869153805202e-15
2.657140817974992963e+24
-6.859972434584051676e-04
1.849895900612869629e+12
-3.240038887527972221e+09
-1.009460371950249136e-12
-3.118273245278766400e+16
1.193661759492362200e+16
-2.287453903423660884e+25
6.950189311209369059e-02
-8.177199683031398773e+09
-7.218385437775851520e+17
5.934624304690414647e+02
3.299616033733189941e+12
-2.535231008760503446e-01
-3.093063913083267188e+13
1.595497194028312515e+05
-5.256786800785856321e+06
6.484631175376982000e+15
5.286501629113590894e+00
6.811777315164180106e-06
-1.175755081155909210e-01
-1.944796352462158203e+08
-1.194675682411953412e-03
2.430308339491092886e-07
-2.265793674402747307e-14
-3.856356122952859526e-18
-9.008236455559111408e-08
-1.843876849199522919e-04
-1.678016431337798157e+11
-3.369279796308522461e+12
-1.834214106361926611e-01
-1.464925955067368164e+11
9.062350279640482338e-16
1.179291321767964727e-16
