100 2.92e+25 8.711861314497024722e-01
5.941991690018685879e-02
-1.034481560311460609e-07
2.689437256296755075e+08
-7.245345079899825578e+03
-1.351224087144132914e-13
2.390214508600382228e-08
1.945791618672447279e+06
9.551110612307873511e-17
-8.239907894720827282e-12
-1.263741401947481537e+25
2.421012079632619942e+24
7.217983634804503793e+22
1.156542873242841220e-08
-1.531131721156516113e+12
-1.692193886646640301e+07
3.056175737325671196e+09
9.459969095637866587e+01
3.608860492529831276e+01
2.809287767769787598e+11
-1.008809798856112333e-08
-8.718408067413273274e-07
2.776214369803940512e-09
3.988320403706417856e-07
1.035606146165431625e+02
-1.006571333462164652e+01
-5.397405810920523945e+05
-9.427019950297949036e-02
1.177438261117223263e+09
-8.848472778259892948e+03
-4.257374048501885635e-05
-3.816245903418724625e-13
1.835651814539268494e+10
-5.324664329423264603e-11
1.395871114319209229e+12
2.104330352067643517e+00
1.582052412736289183e-10
-4.495181748820235224e-11
1.305881499494587071e+07
1.056505290350010682e+03
3.115785136376605843e-18
-1.898491759067472594e+04
-2.786904659585884213e+07
1.338233778901397483e+06
5.006772204297125762e+23
-1.056088065461732447e+06
1.764074501328376078e-13
-5.567090868599356160e+17
1.062172123739069548e+03
1.542618972665121257e+08
-6.355402015520945297e-10
5.957243017057366562e-08
5.595498994604824330e+20
1.399875579839637066e+04
-3.147137551720075607e+08
6.045028536775686778e+06
-9.885239975196610903e+05
-4.547975288050803212e-14
9.895836323711963246e-09
-2.100809243767224158e-14
-2.030488766760893625e-12
-1.844542008114259782e-16
-7.390636489263472900e+11
1.370303559461664500e+15
-1.710061550084689632e+06
1.519259274241343737e+08
-1.285648172044883347e+10
9.104440723939939714e-16
9.850864613417387009e+05
-3.131654466090276401e+01
9.655212664463554645e+24
-8.732954510520343018e+11
6.842231023003298560e+17
-1.778961097484991847e-09
2.552060080406909401e+05
-1.676795049349448269e-05
4.491107992787647567e-16
-4.023348089153232502e-16
2.484029224220161475e+20
-5.145016390543176478e-15
5.706204666888210922e+05
2.712419841472156179e+01
-3.534006064966084198e+20
5.498999415447750867e-15
-8.287895285147714615e+07
-8.765291751188465241e+01
-7.463011517392129463e+03
-7.246666305489620645e+22
4.202510655165671728e-05
-5.174104185317860538e+04
4.940811325338589698e+22
7.584372153203152236e-06
1.482003776414875915e+02
-3.550389731807696819e+07
6.432405936085942464e-09
-2.250216708933953345e+08
5.040144036170797568e-05
5.589558007344844981e+00
-4.144991154418736696e+08
1.093608730414606713e+22
-6.102723876602050267e-15
