100 4.40e+32 -6.009013147997617210e-01
4.436164100893165451e+05
-5.149806627255632401e+09
-2.451970179221825383e+05
1.145115363304230426e-10
-1.720987853132223487e+08
-9.774774019332980000e+14
2.999792969290048000e+15
2.627492936923237324e+09
1.166724998734325461e+31
7.700244248962464511e-01
2.392124762577165725e-13
-8.094003934013348750e+14
-8.850991489004893253e+01
5.352226800054541572e-03
7.540648676770352173e+10
3.632291841296968471e-01
-4.150028867308280800e-02
2.618079484617248178e+07
-4.281924268177416954e-06
1.011640598396733875e+15
2.514184250605226386e-05
2.628408438244478340e-02
3.029307299218326807e+06
1.391432458412755220e-16
-2.305385461275338009e+07
4.240513382258118830e-06
4.377609530121186034e+23
8.002013247661196444e+22
6.019326145240730000e+14
-5.055658142236607149e+06
2.480094425704068684e+00
-1.147196922028026355e-08
-7.242143952494722540e-12
4.391422452253157527e-06
5.973179320084942853e-17
-1.322057939016565587e+32
-2.339808920026034602e-04
1.292436568272237433e+06
-6.523913781599904688e+13
3.672500030406622429e-02
3.934759651714883512e+04
1.353718877631467876e+01
-1.078487146347456400e+16
2.932445087486620545e+08
1.118990545495601400e+16
3.863934933796672821e+10
2.353834611384051196e-07
1.744639198692476562e+12
2.342187715389136893e-11
3.534223186554570312e+12
-2.273797926393965292e-11
-5.310045295315205294e+03
-4.557930573482359124e-13
-2.544686065123702434e-03
5.636594986628200684e+11
1.232800396997323308e-06
-1.126095082730104804e-18
3.088228755456116333e+11
-2.983790103084224543e-02
4.769916238425292443e-04
-1.483454737562089047e-12
-6.041289263787500000e+10
1.119677503842544257e+27
-7.514665825127198548e-15
8.657428927265297060e-16
1.252341087747103069e+06
5.925865629780226850e-14
1.269731048844481193e+28
-1.861127426219608019e+23
1.154838618245084512e-04
-1.007013305139280237e+04
1.461463926166177474e-09
8.867148660326346875e+13
-2.036514055515489502e+12
7.640824808813314575e+29
8.561262854955910000e+15
6.650619821870227882e-05
1.517115413720545000e+14
-3.793186980590095137e-10
3.446714944390021566e+29
3.164855672971094360e+11
1.194159726180837551e+32
2.760108207433525391e+11
6.913727190387226607e-01
1.970638666275647665e+03
-1.786460540237892986e-08
-8.063994439739120050e-16
-3.599091889079259513e-07
1.076694299933605362e+04
1.368208730822789056e-17
1.248604849333024063e+21
-1.698137758965566754e+06
-3.163685317241141200e+16
-1.381212080144031250e+12
7.675095516945113633e-13
-2.719922003854260129e-09
-1.527455853671172634e+06
-1.082208369505064161e+00
-4.369499690173342401e+02
9.102177603859144449e+07
