100 2.82e+18 -4.820233386519732210e-01
-1.237685069849114083e-16
3.582534685685167360e+17
-5.515292932069441184e-02
-4.498798734899280965e+07
3.428872570573167137e-14
-1.471088784091446321e-10
9.138903340120028006e+05
-7.627636655946018783e-10
6.191415820553570241e+07
2.962754266793118720e+17
-1.834185617453438789e+07
-3.814167318605237836e-08
-2.207302145056115696e+05
-7.999598598051027238e+02
-2.145302287901323080e-15
1.823171219916633845e+01
-4.781771398592478003e-12
1.984254552196524477e-14
-4.409635090759096056e+04
1.627933002157118835e+03
6.092052988040722256e-16
-5.437190985523481909e-16
3.837195435532672445e-10
7.168218411177819007e+02
3.017581592564206883e+00
-2.676358323022632248e+02
-2.089976307244353416e-09
6.191268546662552655e+07
-5.975693061283024400e+07
1.245234639613241598e+04
-2.197144106820149464e+05
-5.072259727845447944e-04
-5.871515098202408960e+17
-4.064904270023741030e-15
3.216735134359617718e+06
2.022386008965593304e-13
-8.076733833519459724e-13
-1.851842663523229930e+02
-9.471606030002470016e+09
-5.171065139530497845e+01
-9.209986562958513600e+16
-1.097703847801249739e-09
-3.640106459573936763e-15
-6.770012841798234149e-01
4.219247349083313942e+08
-5.359394776433919992e-15
-1.881290261827656423e+03
-4.162947935505253554e+04
5.454913768706187499e-07
2.949846953053116985e-09
-1.901996682585624399e+02
2.511332929325923869e-17
6.379512765526853800e+08
-2.050562874596321061e-12
4.211137572548619701e-10
-1.531812370122823808e+01
2.471119808009044000e+16
3.045252470076242389e+03
2.196297240673483936e-12
7.197242770089220721e+05
-2.177056370949445161e-16
1.192602922270662457e-11
2.735525166701407995e-01
2.111805270379216187e-13
3.311438150612785864e-09
5.758959678639702042e-06
-2.552578119927123801e+00
-2.446734333872793808e-09
-2.781792576642019288e-01
1.396159804844381485e-18
1.113670787755960547e+13
4.285566893493888957e-14
-7.175704842914675510e+02
2.352062395963739383e-14
-9.461979603098596975e-12
-4.980464642056463286e+06
1.267692429801212484e+01
-4.708543437927031050e+01
-3.795865196946110132e+00
1.566979515829557800e+11
1.472287946970052159e-10
-7.132711735992654813e-17
2.819443358543867632e-14
-9.158706066826406698e-08
-1.081654336328430901e+02
3.370437849268546328e+06
2.989095649131697428e+03
1.607180890186418614e-14
-6.208010739329644293e+07
3.776772607390312864e-12
-7.595469179057794809e+07
3.463086895215033359e-12
-2.762703137635118961e+09
1.518259204024109273e-08
7.639813883194221944e-01
2.507495089798690751e+07
1.226157943652527129e-17
1.843132769159101791e-01
-1.347795799020773471e-18
2.826811130871382716e+01
