100 8.05e+26 1.942648094814286297e-01
1.296602902683432075e-12
-2.056549649836912286e+06
-9.209046915339489407e-07
5.549721529143431553e+01
-6.225603983796804686e-01
-1.672347719302931068e+02
3.978926833771206293e+04
1.242281675643192828e+08
-2.385347563841962346e-13
-7.846263121370788442e-05
-1.742366013202837174e-06
-8.135542569138424684e-09
-8.423071559145306813e-11
-1.102947484716764832e+11
-1.015649604877320978e+21
3.197904019856607914e+07
-4.333412621399218559e+09
-1.912496073521279850e-03
-3.604601016536831259e-17
1.796748518546274198e+01
-4.766386706245780654e-07
-2.008010019871763392e-12
2.329023722490429888e-07
-7.378591050142009621e-16
-3.767890240658347523e+01
2.626450909694352150e+09
-1.956081106517208391e+05
8.827110663389739990e+08
-4.976332565164382686e+03
-2.242213820581203327e+05
-8.626925590712063239e-12
1.703521483116696515e+02
-4.992188125623287594e-15
-1.780650456337103625e-16
-1.153839011032215672e-02
-7.119310811644375000e+13
-1.176345010392573168e-06
-5.705469211178225419e-03
3.245967418922866443e+01
-3.789171185107517204e+02
-1.248419331651055780e+20
-4.697651375911926655e+23
3.423459121809763908e+09
7.818267499993427975e+25
1.798686259737532031e+13
-3.294832229330040142e+07
6.678304187021835001e-13
-1.087148249258409633e+05
-2.821092218522778694e+01
1.468466297219588768e+00
3.683185528009551278e-12
-1.524742682282952105e-09
-2.923022861476945312e+13
8.255457620125747781e+03
7.153811985384855306e+21
4.102870300073747712e-11
-6.222073227311006322e-14
-1.178314932095458971e+02
-3.532438665537369791e-16
-1.687641258246289078e-03
1.042052675392414213e-05
-1.408960658902545152e+18
-1.086849646076906112e+18
-1.508311071385941100e-15
-1.751987326459826758e+13
2.255951613411094993e+06
-5.037785027107808207e-18
7.221796798223892311e-04
2.212379059304300768e-14
-2.045336606062709617e+00
-3.497126465942934374e+03
-8.900761431168156560e+04
6.079021107665336914e+11
-1.648664734724604248e+12
7.659937176236695760e-15
-4.800985185633853902e+00
2.224195463724823181e-05
-6.145991290026841338e+25
2.393024533809830245e+01
-1.044690110507450499e-07
1.641190088665576953e+13
7.683017358326038379e-15
-6.248575343335175421e+04
6.727762450866365967e+11
2.650885788821970749e+10
-7.199436781338772774e+08
-6.974615699031957300e-04
-7.098291146157678903e-12
-1.625900920303883792e+25
-5.450099060326825655e-09
2.057428977212677273e+04
3.377926270365763903e+08
4.488940586266664062e+12
2.609169120021286011e+09
2.341868890877855625e+14
6.491466162058422536e-16
1.416172430690176512e+18
4.323789565793541116e-05
7.619478300967783071e+03
1.151436094677634430e+10
