100 1.06e+02 -2.715667944122442390e-01
5.046167546849691377e-01
1.996740667850415868e-18
-3.782278661104481880e-17
-8.980883204351965965e-01
-1.077504408900997523e+00
4.338039204360430445e-01
2.002151829280530918e-17
-9.456381513124365590e-01
-2.035008949286361814e-17
-1.256730297747636449e+00
3.600257393384198619e-17
4.212748151382741946e-03
-6.725834946362735378e-02
7.263260186444036107e-03
-9.221399832375629667e-18
-6.467311524013610313e-01
5.105512444572046864e-17
-2.390489343076597308e-19
2.854425339404219108e-18
1.752612715454476177e-17
9.987946432226953518e-17
-2.544482930083654826e-17
-2.019438730816996976e-17
2.007410734547947774e-18
-1.256594414705497487e-01
5.562102340007939183e-02
-6.256650333263603647e-01
4.667621813482771831e-01
-6.987216007472676349e-01
-3.216925190660563793e-17
2.598500224566476489e-18
7.688915108216856843e-18
7.839953624228548357e-01
-6.227855195550066059e-01
2.087241405886028566e-17
-2.417922747055066032e-18
5.171205001814945135e+00
-1.175934995138982364e+00
-1.458698105374796938e+00
-6.511231153238408176e-01
-1.576230933835011355e-17
-1.390009930842070256e-17
2.418539942658097153e-18
5.769756611114428457e-22
1.627905264263119767e-01
2.288703286631008078e-17
-6.429678136892418294e-01
1.818690854819239051e-17
4.593768320854272270e-18
-7.651128914352998134e-01
2.823315276650371630e-01
2.829902401257035072e-01
-1.086134840429626713e-01
5.513711947796775397e-17
1.482156906798615115e-01
-1.204138164106184350e-01
2.909025597933038354e-17
-2.585794995802497276e-01
-1.041131088265317963e-17
-8.283223711087273721e-18
7.456418089064390520e-01
4.608387817532515474e-01
5.627094996201840171e-01
4.393703082547425476e-01
8.101197290976640046e-18
2.172036792627579984e-17
2.257803149711073987e-01
-9.025999010068556927e-02
4.921605337372245703e-01
-4.876682491318384827e-02
4.240501557336394384e-17
7.130041947811616547e-19
6.538632585094430461e-01
9.678339855196514353e-18
5.824358076922435679e-01
5.338399214112763775e-18
5.586269040205043002e-01
-5.723496591424993563e-01
-1.868489132909802453e-01
5.509105233416968532e-18
1.843303340490710096e-01
6.318171940295951986e-18
-1.748706322616162472e-17
1.200467425148821499e-17
-2.769688077012465048e-19
-3.082574222274358671e-18
1.272362708234205601e-17
-7.373452349377146103e-19
-3.711381498288981426e-19
9.570521974041171517e-18
5.596355475612114772e-01
-1.249386001601680674e+00
-2.880621876687364518e-17
-1.858067873090580580e-01
1.361315326398548353e-01
6.474682022094108147e-02
2.379976890241475851e-01
-7.648440897884667613e-18
-2.131397131365734776e-17
2.901693774215711069e-18
