100 2.12e+02 7.612973799591304935e-01
-3.557640752114513472e+00
-3.803659996979614988e+00
-3.155021008174744845e-01
-1.878988419118796216e+00
-5.173558779531356677e+00
1.980183278287622750e+00
1.208190144276348299e+00
3.184937929818472178e-17
-9.650444138598722466e-02
-1.077226081137452468e-01
3.305311408623902714e-01
6.748977803552199006e+00
7.364153836885363820e-17
4.435406924266055435e-16
-8.625316226087020866e-01
4.020594925131918864e-16
4.092517326651094578e+00
9.601480398657598059e-01
1.730096000167304693e+00
-1.905915722021597425e+00
4.874670193724150065e-18
7.021467748651004648e+00
-3.809737592038201504e-01
-2.764146463519347973e-17
5.093170723228016561e-01
-2.521201764087778585e+01
-5.467930216369390806e+00
-9.491578125449033673e-17
-3.200572407083988897e-16
-1.744093502952396018e-16
-1.264958427132642747e-17
-7.421105381248899180e-02
7.326375858227050595e-16
2.543934756346562920e-17
-1.428320512996229217e-17
-2.469531995281890129e-16
5.342081761012169583e-01
2.163989425358723739e+00
3.981454663242306267e-16
3.641499015342224976e-01
6.772781706842408989e-01
-5.895447619262878192e+00
-5.850518474161156114e-18
-5.939904441685190939e-01
4.344209450280837383e-17
-2.191205507288421506e-01
-3.065854565098323404e-17
-3.898879436559861570e-18
-1.006516766022244269e+00
-1.560046244983596786e+00
-3.460168545814606015e-17
6.074169732335902241e-19
-8.763295936131539884e-16
8.901011285018996971e-17
-1.045749553845339719e+01
-5.514928406757073631e-01
2.862066837467064140e+00
8.156287238454770538e-17
-1.947234538636702927e+00
1.263412250578427543e+00
-4.937737547023172802e+00
6.731420806441267501e+00
-3.898837319814654201e-01
-1.250270107112246842e-01
-2.628710497969774145e-15
6.499998470499981362e-01
1.769263337506921996e+00
6.771478170996575941e-17
6.404781734566165549e-17
-1.592769275755092311e-17
-9.218294913726462481e-01
-4.755279772392459470e-02
1.362666897686428100e-18
1.447261829312813838e-17
-2.154074078306551476e-16
-7.310103740894718927e-02
1.793504006228210403e-16
6.795637457361202620e-18
-1.479066097869473406e+00
7.257164018337265450e-17
1.208090688008835053e-17
3.413788452691189690e+01
4.138335996689036683e-19
-1.849943056491898165e-20
2.210944580444231787e-17
-1.461417246215165473e-17
-2.983132383406446131e-17
1.033575871803520651e-18
4.496513422704416563e+00
-2.582167378869075583e-17
-3.290403939211945471e-17
1.687577056186653719e-17
8.129681530333052741e-01
-1.740222563005180644e-17
-1.175388139970617687e-16
-2.493414667860326191e-16
1.374076726179067977e-17
-1.240586660071079095e+00
-3.894906640139679687e-17
5.606077442453886387e-17
