100 5.32e+23 -9.092558198249053314e-01
4.793778816882171420e-15
9.454265458014151591e+02
-2.186727919184225280e+18
5.559490869468743313e+01
-1.805859682118276867e-12
5.361839762902864948e+01
-1.238297469957528207e+01
1.099305089855959987e-11
1.732235305597309477e-12
1.820709062416547021e+19
6.385423246830236306e-11
-1.246978494091220899e+06
-1.436750548222508646e-12
-3.281169360270298993e-14
8.539229674576518736e-15
-3.068314281257609343e-08
-1.468773799902335405e+08
7.433148512236734738e-09
1.507965388355672544e-05
2.246406255298856559e+04
1.602227337656335003e-11
-7.649868913681857288e+06
1.670069902027451666e-16
-9.864075434902799653e-08
-2.172765532520266333e+03
2.221122204893305898e+06
-2.935744987245326000e+15
-2.813122354363724333e-17
2.842596191979147860e-15
-1.365508852980204665e-16
-2.886028272171576848e-14
2.921988588508516059e-08
-8.234297739268228531e+09
7.214841338463679567e-09
-5.043029770152881622e+10
6.254640174936639596e+00
2.271996860463286794e+01
-9.007000168335642126e-16
-2.837884053959990549e+00
1.537191137709255981e+11
7.818201581714812201e+05
-4.241865035207416804e+04
3.095833586519010067e+08
1.812369485327248864e+23
-4.982009735644103394e+11
5.752065953061830902e+10
-1.669561809215144348e+11
-8.973864129645711510e+05
-1.487309173657856491e+03
-3.891249645146619514e+03
-5.217925863141843583e-16
-1.624070010740585969e-10
8.337923000294872322e-05
1.796186297430026757e-14
-2.334203774317571243e-07
-2.748064775796564163e+00
5.995148853471541405e+09
5.761942628297680000e+17
-3.242465556476416933e-06
5.494951816092078574e+06
7.875582233623595675e+05
-2.248087299244869440e+17
-6.347121052584841838e-06
-6.771585965420849621e+06
-1.501467417607583008e+12
-2.062581762269804813e+02
-5.523600674040178848e-01
-2.481288096358859912e+04
-2.405300551172550621e+23
-1.570000788207585335e+09
-8.150121462748161321e+02
1.664101611212235928e+09
-4.072310861277875426e-09
-2.450776634469497226e-17
-3.723044955034408486e+05
-3.796187447341232128e+19
-2.517225481046499620e-11
1.075022527265072250e+10
7.884816736937628715e-11
1.112367136208782904e+06
4.824424530867176819e-01
-9.406175354069939510e-08
1.916980610609919770e-16
-2.379236235351318007e-01
7.118925656808357775e-12
-7.924919888273168945e+10
-1.911283719647698806e-13
9.007401129860918897e-06
-2.653323644398557235e+02
-6.997898436055275881e-06
6.064984882160756326e+22
-1.121771012986342976e+04
8.765947499309288560e+01
2.388597056763653939e+02
2.205209679678920449e-16
-8.373685687053015863e+04
-3.585137722014712924e+00
-1.335149173020571468e+21
1.582798830038998104e-13
-2.771323044039407879e+00
