100 6.38e+14 8.819347034249926942e-01
-7.319468338831347509e-03
7.468068372206391814e+01
-5.298236963068551026e-16
1.472764392859738702e+00
1.518580525626728184e-03
-8.182042643285064950e-17
1.174158920647995601e-14
-2.592777798113018071e+04
-4.558681518992039372e+01
2.215378138355523697e+05
4.738148716730909304e-12
1.078462414321631251e-13
-2.812211150191470000e+14
-4.728472742903563881e-17
9.726678551695943042e+01
5.196623171151086746e-17
1.265805879051237753e+03
-7.503427107713085320e+01
-8.374097873353828618e+03
2.340776177389061677e-10
8.109091916519686233e-13
-1.199360082999404699e-14
6.083815473910218007e-07
1.708548347158688898e+02
-3.431165434594535648e-07
1.943459765109427898e-16
1.774060634361552366e+04
1.969991388761039375e+14
1.227838338264145649e-15
2.037069362726081818e+04
1.680796901311919100e+01
-2.447027496678905354e-15
8.010065407060063054e-12
1.876589743112979887e-12
3.702520951033897410e-07
1.411205989349470656e+03
-6.431879949605229285e+02
2.160566920681072517e-13
-1.824500757970756355e-07
-1.719061012325706770e+03
-3.115283062456390437e-14
-2.909983079456189823e-13
4.018707897208375357e+01
-6.786220808574757182e-14
-4.820108275867386255e+05
-3.388470410944754153e-10
-6.232035429836505713e+00
-6.059925228952207250e-14
-1.795136910476060124e-03
-6.976111452822600256e+01
-8.416559684698404766e-17
-6.817526652630200287e-17
7.599529074941938411e+00
-3.610967697513505816e+07
-1.072875927225958295e-10
6.882849857559182993e+00
-2.584988344831003924e+05
-6.663545397695395422e+02
-1.232971759621308651e+06
-2.425755915160637465e-15
-1.545721931065408979e+06
-2.713677486254560947e+09
-4.354886420258899689e+09
5.550376013101371154e-15
7.050441198326031554e+03
-1.316129855172128919e+04
-2.192847844102432206e+07
-6.073855689332538896e+04
1.006343288035377314e-14
-2.912118247155582367e+02
-6.281981733447849959e-16
5.581925426420806951e-11
1.020629776204595184e+10
1.012776710370526530e-13
-3.246722390466670227e+10
-2.033592188227079664e-14
2.859460913784727548e-13
5.495050420517670982e-16
-8.092600866255804704e+02
2.245931617167807417e+03
-1.002543406018490125e-16
4.554833787899100571e+04
-8.252368867612679829e-13
-2.252824589921202936e+00
9.874385571385982940e-01
1.430709135454742840e-11
-9.691612505149372452e-15
4.396718673205955885e+06
1.305611313008270854e-09
-7.699860922826848400e+04
-2.692550374584141187e+06
1.460129692773770755e-11
5.514055817508118906e-01
-9.869390201188874473e-10
1.908308932035489743e-16
8.425135987038134375e+13
1.726714493996489714e-14
-1.000417774839422336e+01
5.487852372301501222e+06
1.137177905884202277e-10
