100 1.76e+34 -1.124049451310613762e-01
7.591674593134781386e-05
-9.387224846392419791e+32
6.353508437580406704e-08
-7.114246240475112245e+03
-2.041251864853589773e+09
-7.720620827113395297e+28
-5.407009181025338774e+29
-1.279090897370620903e-13
-1.678803931225378998e+06
-7.811858153821940068e+05
4.482106155121232333e+30
1.408099520621779200e+16
2.733462538609482126e-11
-1.921498880892673400e+00
-2.833131425426398750e+14
-5.124406940316070784e-12
9.833926370147519112e+08
7.583257541861086845e+09
-5.103033343396323204e+09
-1.127278612603654437e+04
-3.552936414878665528e+04
-1.544019694846004995e+02
8.356325344750766217e-11
2.528128322769190861e-02
3.910115489550748058e+19
-1.102960746693892504e+25
3.509955996121349645e-07
-6.263380884217474318e-13
-9.870973626925561428e+08
1.188394834307782730e+03
-2.936585901807616000e+15
-1.244868959687962723e+10
4.651497740870027951e-15
7.978565560187697528e+31
2.870248322234224761e+05
-4.755052195789500000e+12
-9.164222354893297425e-14
3.244567627891517090e+12
-4.632455437690380510e-14
2.225710542625230644e-08
-3.284205501874817855e+03
2.863628543164420392e-02
-3.954862328682394137e-18
-1.012288536059530279e-13
1.712312525222067783e-03
4.057583519264095504e-06
-2.066126084583007431e+10
-6.626802665966182400e+16
9.587785442496800332e-08
4.952864102223790400e+16
-4.044928991518760120e-10
-8.455938489079501963e-01
-4.361151882603262374e-09
4.855172021128493367e-07
4.552722593192367500e+14
-1.099958747942385547e+13
-3.059741730337103283e-01
8.772823092775484851e-14
-7.820377970952164048e+01
-3.022789534008776855e+11
5.916680070363602148e+32
-1.590217443195968805e+00
3.734521842886191489e-01
3.112069093152828771e+32
-7.088246169034950435e+04
6.583753575433337346e+02
-1.757636023870343912e-18
5.719181208208882397e-19
8.552414461897096299e-07
1.841967301082758723e+01
-2.838937538284157310e-15
-9.914724522840000000e+12
2.912086089738062500e+13
-1.728655997727827298e+01
-7.256807988896554820e-13
6.962380617744171052e-02
-2.431534386852051810e-05
1.708012830389771600e+16
-1.068677011825982163e+03
3.518640073383559608e-04
3.458026340768771172e+08
3.256229406331171875e+11
6.838422511226629000e+15
1.089544574550394000e+15
1.250542713350649592e+03
-5.975214594317935791e+11
1.173291085252919979e+07
-1.513287781045616977e-09
-4.780227531557010381e+31
-1.030509747955651089e-16
5.174038443550665540e-16
-5.879835240699425049e+11
-5.803924056901500109e+19
8.118362177012591019e+01
-3.185507592958662832e-08
5.309061080330643292e-15
-4.227861914935625000e+11
3.581602094888683496e+03
-1.116274776747315079e+08
2.170836649921375896e+21
