100 7.63e+21 6.663455868197607490e-01
6.556030445858283896e-17
9.629729373273789440e+17
1.275247066072519002e-08
8.577000605483610229e+01
2.342342207424742032e-09
3.008048058968791962e+09
-1.786945832397907365e-12
2.244111050985644529e-16
-9.757651812107226562e+13
3.800954616244783812e-01
-1.378990162342551400e+16
5.913968715228205838e+04
4.695948577081324625e-08
1.741026503562271522e-07
-3.795310068004766890e-01
9.364485652286718315e-14
-2.659648631145299911e+09
6.849437245769881927e-19
6.345953876581372887e-12
8.787042678308728750e+14
-2.505075995451460157e+21
-6.419644374180055929e-15
4.207638122472132647e-01
9.923419274979869369e+05
-4.348404360920351337e+02
4.209550605099415810e-02
-3.061898613140257022e-08
-6.519399308315390091e-13
-1.657440023188697653e+00
-1.268741534641210635e-09
-1.743872074677341573e+02
2.661076454893839955e+08
1.775511570453476295e+00
9.892446984468319702e+10
-4.467201522441168781e+05
-1.300871672778247833e+09
-3.750934550968121052e+09
3.447697486285078412e+02
-8.838676933708926663e+04
4.439329422091777346e-10
1.088900666401588932e-08
1.913336330291108350e-13
-8.137890172756190328e-08
2.619727085257119902e-08
-1.063868071462878470e+04
1.544140046305164814e+09
-1.834539291159185895e-17
-1.172774318805408776e+08
-5.651376569632997708e-08
-2.086185547697393000e+08
1.870023001764282890e+04
5.218514533588549993e-15
-7.129402333181449188e-14
-4.717658489370318624e-14
2.293172393162243168e+02
-5.400420289463755083e-18
4.178156584997543277e-01
2.518384167252726555e-12
2.206827970471873822e-13
-5.940027737812306441e+02
5.257970716855790466e+06
-1.516924048816456718e+02
-5.521579578806459392e+18
5.847545167627122402e+08
-3.580080881415889859e+08
-1.808353328244509441e+02
1.313740421523173713e-08
7.674889888900932539e-15
-3.436349463223809835e+03
4.646292889936711109e-11
1.898934685778664425e+04
-1.499887638560136516e+01
-4.547047900996490589e-07
-6.023920010267168999e+09
-5.160739681297478656e+18
1.161450572617975241e-05
-7.300442165633258540e-02
-5.024381287015870514e-15
-1.501299632271120790e+05
1.574135278442652295e-12
-4.660134141640108026e-09
1.388409453098994424e-15
3.997693592939551943e-16
-1.584016801004617357e-11
-2.712014783995919974e+19
1.309482312043825388e+08
-5.705813652591694000e+15
-3.247936022722250800e+16
-4.310941541334290378e+03
-3.456853622581741092e+01
2.541966683473176953e+21
6.330372935874017458e+03
4.882204436697340498e+03
4.397057608159608290e-06
-1.297930573414412022e+09
4.009212715890898835e+02
9.384322649060854005e+00
1.063244680546424940e-14
7.771377384357916890e+04
2.550261084204405546e+07
