100 2.17e+08 -2.382281525932077593e-01
1.106143174636314370e+03
1.712754789210653314e-14
-3.177759116558034336e-01
2.803602626300007117e+00
1.398045784218596865e-18
-1.123904757990916778e+03
-1.528331474992596362e-01
-5.242883324632049380e+02
1.308971611024106479e-15
-2.148669033832462389e+02
-3.945224900384454668e+04
6.142918469979323959e+01
-1.007420625072422853e-13
-5.808505189420547686e+04
-5.792570241215143953e-13
9.389990286653780061e+01
-5.668609363666104592e-12
-3.508649036190905546e-17
1.434507703551955220e-16
3.776397193559837962e-14
-4.095408369840024039e+06
-2.288452995839260237e-15
-1.985813160518299799e-16
2.787175980163825173e-01
-1.246712182621718329e-17
-1.222562811493180016e+04
-5.291107817737172354e+02
9.309279228579996346e-01
6.971346402058638069e-16
-2.272887085515762350e-10
-2.256161551095519258e+01
-8.607725860864960850e+03
-8.871150012566540608e-14
1.723640314466315089e+06
-7.440523102165145716e-13
3.223704889892838565e+01
4.941229100196516223e-10
3.085960675065022682e-15
1.330834562678458610e+02
7.158874215724401893e+02
1.377546934595457638e-12
-4.081773582449646029e-15
-8.589537207642266026e+01
1.422645339337260366e-14
4.821156939563912751e-18
6.300754771410240096e+00
1.156833495832892820e-17
8.649871341926392168e+06
-2.166470930853310227e+07
3.293081602975926891e+00
3.958990431668668810e-10
4.768507662347269047e+02
1.157576017723462769e+01
-3.619843005672352774e-15
3.678766489240736632e+02
1.228294185556793963e+02
-8.296533650901736401e-14
4.579020097973418877e-13
1.325231176246185883e-15
1.018239652567671001e+05
-8.326485411355415458e-15
2.307665272912240439e+00
4.390662042602213757e-17
9.957727277274944555e+00
9.256577260842995258e-01
1.779496077105673976e+04
-2.759911366127002452e+01
9.661968461024972276e-15
-2.301262721142751655e+00
-6.178482687328070601e-16
4.839885221881005418e+04
1.874751714247011959e-13
-2.363498079829265350e+02
9.425784878901511093e-13
1.485788788381540217e+07
3.507249898822210517e-15
-6.192225487811199969e+01
1.292847699057997640e-15
-2.086923712487013890e-15
-3.294731224119201585e+01
5.518985568247785704e+04
2.047533372693834963e+03
3.723884368147805799e+05
-8.827140536491176668e-17
-8.390936268371494446e-13
4.439987246066847038e-13
2.287512572483469479e-14
-1.651124094851042500e-15
1.027288743538628769e-10
-2.610415531043300893e-10
-3.690275400893602065e+00
4.419802601851465299e-17
4.092906930056869536e-14
-9.246194569060653956e-01
-2.717054913320487667e-15
1.812445685983027662e-16
4.919549887329228659e+04
-5.065727560836836294e-17
-3.232607819921420145e+01
-7.558693601072303585e-13
