100 1.00e+34 5.681980592924343876e-01
-2.363244175917081172e-11
-2.437412250277997128e+00
1.253304400770851589e-12
9.903241232762916088e+08
7.295916471563112259e+09
-2.803290234435196058e-07
1.293062108675518164e+13
-1.935991380510190750e+15
-1.752380184412962704e-16
3.027358265468161404e-17
8.516506773319594004e+01
2.519789348609752581e+07
2.730804483553742029e-12
5.254898435165964000e+15
-1.651203618471743280e+24
1.958831402261416366e-07
7.007587056510828916e+00
1.131717853501278882e-08
8.447176190902583712e-17
-2.515214524716602295e-08
-2.012744047502565372e+05
-2.726228442408139637e+26
1.755321473756381138e-04
-5.733503544727925211e+06
1.085489199023927931e-01
-4.439523076023104385e-05
8.089877816924133301e+08
2.764425916245879744e+00
6.840491855402445783e-17
1.090634601657521474e-11
-9.789493113656333456e-02
-5.067580568201362186e-12
-2.852109919241116972e+33
-3.117311081208416074e-03
-1.453322942800537217e+06
-4.925273009413252294e+04
-2.757245213651121178e-10
-3.145431947659546381e+02
1.190399138837650028e-01
3.553818417376058637e-09
-6.820091938184985129e-09
-7.632032313724266714e+00
3.820034773267721875e+14
2.752167433896725464e+10
-3.264780702031180044e+04
-9.031800002043253335e+04
8.248770852431954688e+13
5.847841334787467386e-12
-2.061656839028243124e+08
2.245232188647634610e-14
1.270697143473682445e+04
6.214485808663331250e+13
-1.168060780474317500e+14
7.177257895891792297e+10
2.135683287829345437e-13
-2.034077171271701933e-06
-7.982808761827201843e+08
6.827843911640881561e+04
2.082288846873403415e-16
1.741037061846004059e-16
7.138925428659017384e+07
5.753109546890524292e+10
9.616102838996173441e+07
-1.111461347203304480e+17
7.472949211399338987e-01
6.212656363926335976e+31
2.297639505701364018e+06
2.784556393663231288e+33
-2.860732520241181440e+17
-2.809889300966941833e+10
-1.803959853741326928e+07
-1.381440540345215624e-09
-2.922053955315387807e-12
2.274116003430992630e-14
1.589016434326593618e+30
3.976865843181809180e-09
2.542121906817780342e+06
1.206802904455096960e+17
-1.748106816036997125e-14
-2.476347298249859108e-02
4.313288694292292798e+26
-5.554153222854993896e+11
3.837777293735728880e+30
-3.789011276686853336e+00
-8.326117187535870312e+13
-3.075435469525373069e-03
-2.831695866319105000e+15
3.287235571029135439e+00
1.911962811099517440e+17
9.729828621350701241e-07
1.683228898029616630e+03
3.085694188087674661e+02
-3.972406377696612000e+15
1.090646580358167267e+10
6.364262912799653659e-06
-6.100600494988016472e-06
-1.850033960896987915e+09
9.291724870283041992e+11
9.030029147242537003e-11
1.115573852031985280e+25
