100 2.46e+30 1.734757247562251081e-01
-1.007259712150000000e+10
5.589337347544047656e+13
-1.106189436885493219e-10
1.598073317389160364e+00
2.581971428449038285e+03
-1.087378802919616168e-16
-2.528678025369091309e+12
-2.447905488878862279e+00
2.825780516154699028e+06
-7.486725400516435504e+07
3.744204318403351550e+00
-1.507173143021253736e+01
1.254639867453705078e+12
-1.504484816646066902e+05
5.866253364518006250e+14
1.673622536603083000e+16
-1.443756560033057212e+02
1.693531636267798438e+13
-2.298314039825913536e-07
4.134593116073277440e+18
-3.537160453358938195e-03
8.794900931200943718e-16
-4.110501436249095233e+25
-1.972957023957362269e-12
1.097282444214558018e+04
1.618439305085904364e-12
-4.376610062175968603e-17
1.662053817451702997e-01
5.723704320427366529e-04
-9.451519887020538135e+00
3.848769270680667893e-11
-4.926558445781473070e+06
3.210568681678178255e+05
8.185096974489428750e+14
-1.759039304925467825e-08
2.405044582256414654e-06
-2.660748296309541056e-06
-9.351289795929916908e-15
6.958958837411656759e+02
8.213186074318456939e-08
4.379379851399608776e-06
-2.429774939769944431e-16
6.478347892212424313e+02
5.979965525066945065e-03
-2.939382944275360107e+08
1.000098457963235711e-14
3.647326969178320312e+10
4.312621646938619614e+08
-7.284024286496912152e-08
2.178731460457129688e+14
-1.763615798785504818e+09
-1.031935456707691406e+13
-5.371835060449397286e-13
3.358120631035135791e-12
4.176687189590783125e+14
-8.116860555072193117e-03
-6.825472198063408723e+04
-7.763055581730038603e-08
-4.337918020340632960e+17
-2.995229814180924892e+09
-9.471443110205232000e+16
-4.491896003616356481e-14
-4.577987964060223579e+09
9.835920189599992990e-05
5.712416707339156119e+01
-3.356171843174979556e+06
-4.944839806307994147e-09
-1.963645816712773370e+29
2.129579988500476125e+29
-3.213051969238223289e-06
-1.994085275755919516e+08
-1.634443187284256860e-01
7.418187306618016243e+09
-4.673220262833734974e+06
3.251300210275298595e+09
-9.325972440305460938e+12
-5.161448962197069824e+07
3.334847325877222034e-11
5.745295207341099850e-09
5.986984945383764079e+22
-1.617329021088134482e+02
-6.156883275499528983e-18
-1.393015381274503861e-02
5.012354500614870453e+10
3.384013420715458393e+08
2.168917633567207947e+11
1.369289986498412774e+25
3.235968386358731099e-09
-1.392952058554887664e-10
-1.611598467547820102e-02
-2.690545457115287812e+14
-3.045059680391489110e+00
1.654739396483668148e-16
6.400038595862627942e+19
-4.323793706013409246e+04
1.189445342246409076e-03
5.822911484578386625e-08
-1.656606500174725545e+28
1.329566790317705367e+06
-9.412593290937988265e-12
