100 3.38e+16 9.352950026305095754e-01
9.728984734664594333e-05
-6.640856310962302983e+07
3.847691298548131700e-13
-9.145532160773655050e-01
-9.219114330990033495e-17
1.764828605610669001e+02
9.851799158793017268e+05
-4.112679059883121301e-12
-4.841948047437075729e+03
2.336403894465243071e+07
-4.819722053049648285e+09
-5.983200582975428403e-12
-1.963504116881279333e+04
2.091223973038422628e+03
-1.740095517591337445e-11
1.546208154202318320e-04
7.325255960305056760e+03
-1.529357336118312256e-12
1.468326323064621089e-15
-1.217907016371365755e-11
7.155535514830034063e-06
1.219833745700811851e+05
-2.710914439642874480e-15
-8.606526940732515338e-20
-8.229822281436528328e+02
-3.014540702418065052e+02
-1.580299552321064000e+16
-6.385910353846704685e-15
3.763654658277226272e-16
-4.052916562895395055e-16
5.138944627240021527e+07
3.778979812924431199e-06
8.904119716988766080e-08
-2.119894234489541122e+04
-5.043663566360244442e-15
-3.101257257184079391e-09
5.208558289720609968e-13
-5.296955179596175185e+02
3.032464787409822492e-12
-3.153525978335435909e+00
6.240232784704104934e-06
1.549500221334684600e+16
-1.053287685613632947e+07
1.795937881577752554e-14
7.340544019980623602e+01
1.901653062621903373e+05
2.690281621546700929e-07
-1.647657374301972389e+09
-1.805001417421360314e+07
-5.172536852934045872e-15
-1.129112076800280988e+02
-2.135044676308460416e-14
-3.264814005326841367e-09
2.281733771115391602e+12
-4.431540593924477696e+06
2.117346554537839500e-11
-1.460728103815484968e-03
-3.681159162016044428e-01
-6.194386694541162072e-04
3.894428763398912500e+13
-2.213575152511472581e-12
-1.811793411477845946e-10
1.117201475330658203e+13
-4.210971650269981384e+10
-5.629139404764949006e-03
1.010631525326657181e-15
5.550292977060284795e-11
-5.107046623816591691e+00
1.512997271434097638e+04
7.586456480957019043e+10
1.662543507070994764e+01
-9.097707985935992586e-03
1.430856864405107684e+06
-1.137570379587278069e+02
-2.843643212178055664e+12
-1.071185331406082114e+05
8.815899172532795242e-14
1.748351819051590539e+00
-1.734984095260446775e+05
-1.165382950889910342e-11
3.532284669615086168e+05
-5.944662529588063149e-08
-1.363527222403917034e-12
1.754329756145268579e-03
-1.952569817392728874e+04
2.335059359733681875e+14
4.734184004294154245e-18
2.042509803945970764e+11
6.165714941890157661e+02
6.632757240737395477e+04
9.419211315122535176e-10
2.244347136171275899e-14
-8.009645966082388878e+09
-7.670394268707767917e-10
4.253029515651638250e-17
2.898420466214687132e-13
9.714250523372811585e-01
2.470947681437091797e+13
-2.829440557392543647e+06
-6.420753204564767846e-13
