100 5.44e+04 2.380771590288592587e-01
-2.560195841697300530e-17
4.214815636805635535e+01
2.739197613654990879e-17
5.777327298034248592e-17
-5.641631258904812867e-16
-6.646314495256515968e-15
8.739965379961109893e-01
-4.892835913232679997e-17
-4.466617911821394449e-01
-5.160344687298442423e+00
-1.428451980880152796e-13
-5.859342775705274562e+02
1.696517200845233611e-15
-1.260392323748516397e+00
-3.635434997151522296e+00
-2.645871100075966709e+00
8.829571497157502336e-01
2.848471135348018277e-13
-2.015417961778760145e-16
-3.046105030761471080e-15
2.161483319394883697e-16
-2.374768308763728442e+01
-3.648255279681186110e-17
-1.271757603791347861e+02
-3.900889517203804946e-01
-4.911495380075475623e+02
2.247932062162579192e-17
7.761652187893473311e-03
-2.051054276045315925e-16
9.638726992391000018e-17
-5.127239359777065723e-16
-3.181760758794967003e-01
-6.376790890404364642e-01
-2.114445538853430051e+01
-8.759743517296676441e-01
4.073940701131859167e-16
-2.280045469116136250e-17
-1.533079439449027198e-13
4.288074787648096908e+00
-1.370414358151784807e-16
1.797876712747347450e-01
-1.137042243409975306e+01
-4.315630553026832648e-18
4.425868522185124731e-17
-2.346136870008371386e-19
1.340488905456671631e+01
1.216722857077453417e-16
-4.654374552989129938e+02
-7.484382808169818269e-01
3.815317531102324145e-16
-3.606347517077661102e+00
2.721800742998718992e-01
-7.695710896567931059e-02
-9.290236724508579460e-18
-1.539795226186950527e+00
-3.137052300737878743e-16
2.830715715124400167e-16
-1.079633147559876161e+00
-2.647155886248068413e+00
-1.671098120407723897e+01
-2.345324032778004996e-14
1.059969207886815470e-16
9.920285455866702692e-16
2.474492059790110961e-18
-1.771517729784384253e-17
3.348149674319567082e-17
-1.056800537291073775e-16
-3.190279344505201259e-17
2.784859600901836168e-16
-1.316450344643988135e+00
-4.201189852383231590e-17
-9.086284454611412827e-17
1.753152422266749966e+02
2.163739102765641853e+00
-7.164024968307458607e-02
-2.492236634977195865e-18
-6.756894456077603982e-18
-4.218042985878595573e+03
3.641531426364886581e+00
-4.019993282754957745e-16
-8.197808034589879611e+00
2.611111942160394847e+03
3.554788233376321386e+03
1.090788731652269083e+00
-4.801760902946056149e+02
-9.788525242453319347e-18
9.683945670460925470e+00
-3.417295892215782964e-17
-1.562244620061797033e-14
5.629465241071062387e+00
2.962835911455690696e-01
-1.766853344522584524e-01
1.113065223304380424e+01
1.508108442412039100e-15
6.297407801965509755e+00
-4.111475368234761341e+00
3.686370171138078433e+01
-3.641710700491211495e-18
1.481261260528650899e-14
6.042777672983047216e-18
