100 5.80e+25 7.065551511038985488e-01
1.261243129507715332e+12
7.946451537865233623e-16
2.224553626205533305e+02
-8.265886439435819164e+06
2.295856150305358169e+05
-1.717176708451056445e-05
-6.336769423408126656e+00
-4.672116622769379215e-10
2.308827246564979076e+09
-3.691971749866751333e-16
2.912621967955409405e-05
3.405898984622930392e-01
-2.760023256132138059e-02
-1.694775463388161621e+11
-6.216943556841827787e-19
1.582528869361584783e+08
-4.783237999068140259e+11
-2.486266323319297499e+03
-1.051699288102804683e+07
1.745146592706432343e+10
9.526741154789499433e+02
1.688319663701180294e-07
-7.503509992562540056e-06
-1.805500626070929288e-04
-1.601842998622229409e-09
-2.646826593241047040e+18
-3.007805274587724489e+04
2.048718881086222312e-17
3.770833216219557471e+00
4.223531895782158244e+04
2.984653509566718340e+08
-1.491268005998984646e-10
-4.847880979561236753e-06
1.038095759591893244e-13
3.414330034857791674e+01
1.106194551463697362e-13
4.863012356724494531e+13
-3.042746793259964737e-10
-2.028938765136433108e-08
3.067103515059929619e-01
-1.300014773102147318e+07
-1.056815692367233623e+02
-1.170557069823200727e+05
1.951509127450507094e+03
1.032052929771142090e+03
-4.598355974322069883e+00
1.183535511738391444e+00
3.697201759572800365e+05
-3.453411469144276000e+15
-1.351561230173364063e-11
-6.267970503152923780e-09
-9.015247614907302400e+17
2.144577418161503906e+11
9.228322720747800876e-14
2.219992382894918195e-13
2.535212426128492057e+08
-9.243303196755581250e+14
-9.726554778678342394e-03
9.845280248445270740e-06
9.104257579309661247e-09
-7.484237066572323799e+09
-1.280094108683164222e+01
-1.475262746536144257e+09
1.737593167290764625e-14
9.458062998318456829e-12
-6.016341925054605078e+00
7.710713113579939204e+01
-2.815679968639036175e+06
2.813861198860465291e-15
-9.274783802527012061e-07
-3.130835720352346680e+12
3.762982854668190953e+02
5.620299073944266783e-12
1.265736899271268320e+17
-7.166111060525779426e+07
6.548178502076203167e-02
5.759829722279351000e+15
-2.179474479135456022e+03
-4.914513315040132957e-18
-1.270163778000839596e-11
3.025465801761530304e+10
3.609858562217203859e-03
1.554736278581809326e+12
2.546801462112061583e-10
-4.305941610943994522e+08
3.336060101716303372e-16
-7.352352173238206150e-08
2.713960196704456210e+07
-2.793641781574738561e+05
2.158809073464973312e+18
2.240839391278188814e-16
2.047600840352502477e+25
4.164007652875442848e+21
1.142818869186908159e+01
7.183679833689670576e-09
-1.827980862212070914e-15
-2.048017114963931999e+25
-1.162123513691585796e-06
-1.607930287305194533e-14
1.183520407836841620e-12
