100 1.35e+23 1.531499839888217362e-01
-5.841792563427653313e+09
-1.195194595661364545e+00
-1.763749047301977856e-16
-3.539006448708704317e-02
-9.916905044139617583e-11
5.630971812203805894e+05
2.998435688592282392e-09
4.482303155303430325e-14
-9.734460444205551147e+08
-7.855351595979200283e+02
1.886406693252388733e-16
4.123608946677812934e+07
-1.291746885517529070e-06
6.564481369195803596e-10
2.478772543666302042e+01
-3.900894133497043923e-13
-9.617652114603689313e+07
2.425246850301421946e+05
-5.585611049127621754e+02
-1.263560613239842224e+11
2.756510416741138324e+06
-3.529812419014513482e-14
-1.420939761767672998e-10
-2.293184600938574496e-11
2.845527300754617578e+13
-1.023820136827867418e+22
4.117554602497280625e+14
1.375708217643273334e-02
5.065685146770160635e-12
-1.077825844315395493e-08
-5.092648447710124149e-04
-9.924481562957064807e+07
1.863946125828216743e-13
-3.059850884702771500e+15
4.490414268856078706e+03
-1.987838235297941028e-06
8.400185766435718036e-14
-5.403907457342332292e-19
-7.504805057448164735e+04
5.286429714286995526e-08
1.514809991640911903e+05
1.970912203208228677e-13
-2.334754006398148363e+02
-5.164059974487368017e+07
6.776974359839553995e-07
1.030603193038664630e+22
-1.119623853751988578e-11
5.980290488079268130e+01
3.743978624322472656e+12
-5.450212335612411611e+06
9.392616636694495312e+13
-2.797828821225912253e-14
5.589515008786481758e+02
-4.595523654233666662e+02
7.844406140361445228e-10
-3.063300289745465294e+07
1.458482836908441657e-07
3.077241683457292432e-01
3.837142298157122040e+10
1.427497966034793579e-11
4.137611825841121405e-10
2.829291638824933557e+02
8.823992942986851051e-05
2.416454507905012654e-19
5.735882777251598348e-09
2.182393542393884622e+06
8.468668383579081297e+08
-3.837743481062762290e-11
-1.419535044060839766e-14
9.184001934178482043e+05
2.746252044093135869e-13
7.168596672037164552e+00
1.292214606630587769e+10
3.712625744667891879e+06
-2.794776627338913386e+03
-4.721260088780993938e-11
1.271466397092513856e-01
1.466108970896061444e-15
-5.184413330827206373e+05
-2.344729960767983007e-04
2.958100742513857910e+12
1.714110869452995218e-10
-4.493934439986579924e-17
2.937436524885001081e-09
5.221319662526946806e-03
-5.547998473299281308e+00
1.663722610881834953e+03
4.678995517027850146e+05
4.526583667552793269e-14
5.767368409918303982e-11
9.925567410564547405e+06
-2.631642499311698198e-15
5.770555831200154914e-12
1.866570290109520283e+04
-6.157725359443074922e+03
-3.024500089859556060e-16
2.851574632956305777e+03
-6.782804301480842854e+19
-1.193257251550766407e+06
-4.362666177218992263e+06
