100 3.26e+33 1.469616280194491753e-01
-1.194579138351019938e+05
2.560280906643556953e-03
3.670931441439143750e+13
5.843076425460502528e+18
-2.942025169544015080e+05
-2.644058211097599706e+05
1.724533792913551601e-16
7.568219781528074741e+08
-5.648006698030531406e+06
3.532791288879360000e+15
-9.828428354375239021e-11
-4.033199076478805392e-04
-3.245209006995163500e+15
-1.635144036889344000e+16
7.328556965890962249e-17
-6.590054071497666065e-10
-2.525554449187062206e+22
2.333727207762289921e-13
-7.491804262352694029e-17
-3.454523730293827113e-15
1.085559882817662469e+01
-1.307795850400624400e+16
2.966806922675729874e-03
-1.770971224287049048e-16
-3.002636225915483818e-12
9.191714433806264471e+25
1.916026270101506828e-11
5.704170360707406767e-16
3.055946380253670737e+07
-3.156138840280447333e+00
4.666812103179461701e+04
7.773910652596287805e-09
-2.150216158507751718e-01
1.072845258344866816e+19
2.987512446547966605e-07
-3.259449749985892097e+00
4.409267827998869262e-08
2.159420597821256088e+05
-6.872929401665314799e+02
3.390256055900136403e+02
-1.189436612475892901e+07
3.160876449584131933e+02
-1.048839605571703400e+16
-1.179176145142228904e-01
-5.627478791903282031e+13
6.585575660033916535e+21
-2.161107744102302425e+24
-7.192205612362604588e+05
1.268621204502905762e-07
1.375947050755459404e+10
-1.965274915861483198e+06
-3.117491069719051037e-17
-4.427074447234112182e-14
-2.205434933570906222e+08
-3.717049383705921972e+00
9.891246201300624818e+01
-2.342131074392975500e+15
-4.521005475579044968e+07
-1.370303107299807266e+01
-5.765260844894098159e-17
-2.267511729117542606e-14
1.715520227057302148e+13
6.024108413482256067e-07
3.422560754405407080e-01
-1.508787165032315443e+03
-2.393528200358351594e+32
-1.545173501632697311e-17
2.521756818536408997e+10
-2.947039782789185483e+04
1.575440564526478511e+02
7.941328948313997898e+03
2.915240750342112035e+07
-5.221353116457331926e+05
-2.315307502528162003e+08
6.709150656190190036e-07
7.241417916485727310e+09
-6.831021102753238594e-01
-1.094045773020885849e+10
-1.534680760319410254e-12
-2.836571543339595703e+12
1.824874715452819078e-11
2.228817409585662842e+09
-8.243613803821390904e+24
-1.661513133623070526e+10
-7.853568234079092537e+23
-3.996429416392738037e+11
-1.609503635760328946e-12
3.699708713584398900e+00
-3.949509151483352500e+14
-1.868688872268637821e-04
1.806245329141156281e-09
-1.847992830052289648e-01
4.718014281226470818e+21
-5.733692389151461120e+17
7.788210312519556837e-07
2.393527393227051915e+32
2.530232029817600889e-10
2.739672068911505676e+01
-6.867812890299541007e-06
-1.665500201218729492e-02
