100 3.23e+18 5.672995495282356915e-01
-7.696254693332775787e+00
-1.007415495512358383e+01
1.811017134111562744e+12
-2.225612243941257827e-15
-3.124012568808696155e+00
-6.067934806903352446e-16
4.120974265035629112e-09
1.266631889049393707e-15
2.443028441910924257e-14
-1.179321169871859198e-16
2.042159649390112186e+00
8.620415620330534259e-17
1.100416922981776291e-17
-3.049297522795264445e-16
-1.377684014185644865e-11
-8.159089582667094567e-13
1.514825866512510600e+16
-8.290200317665432976e+02
1.409850804885922344e+03
1.772289670808676030e-10
8.160753405125944514e-08
-2.121097782023935557e-13
1.318800851400198735e+04
5.928559259871172905e+08
1.288041494424802200e+16
-3.205977774613112329e-17
-1.507745742790681250e+14
8.874470253702397440e+17
-5.473923633891135625e+14
-5.362815937745756933e+00
-7.689613521975888034e+03
-1.278428365865609339e+04
-2.090472931246564192e-01
-1.178058031052673633e+13
2.168452884365015620e+01
-7.810177769145386992e+04
-7.198363186732446526e-15
-2.324859990776739778e+03
5.871031432043430587e-15
1.861141083753948405e-04
-2.753903995081399754e+07
1.732609032867508947e-02
-3.545239590818533355e-08
-1.744400956324784602e+01
-4.683420868567239086e+04
2.250173022399478384e+02
2.761513565148322868e+03
-4.729333143381919976e-13
3.250967628677361176e+02
-2.934877717770403087e-13
-1.232736567922160936e-02
-2.617586007160579364e-09
-1.237539575542491913e+09
-1.858122976918716418e+00
6.997501292648432674e-14
-9.126375932393178880e+17
6.155289720580777058e+00
7.282751349737608433e+07
3.192022574545835269e-12
5.917371212857203641e-16
4.045948194765986878e-10
-3.112227826681915417e+02
3.824650815364228751e-10
3.018730072114141583e+08
-5.493159188802892190e-17
-3.049902572511501312e+08
1.406462221255342371e-01
-2.201309143883210156e-12
7.998841163656363093e-14
-1.121427623229289084e-18
2.003206857803389081e-05
2.004740565515791532e+06
-2.129968650957333250e+15
5.377798331587027860e+02
-1.825416762791352984e-11
-1.291288377643552609e+07
1.715088237233602412e-15
-9.562673575659347089e-14
-4.048117772252429277e+05
9.018651862218205473e-01
2.738297079404984569e+00
1.572780156104403670e-12
1.197177724120563082e+07
-6.171622431658565067e+06
-1.353958614011494792e+05
-3.604585491093240535e+01
2.309002129642451837e+04
1.078360417341343070e-16
-6.947873993733236614e-10
1.069824107722975093e+00
-9.689678020091707644e-02
3.234960660134566370e-11
4.273199001040716233e-12
3.886989210544224704e+01
1.139563363431620208e-09
7.019153448619061758e-17
4.327501904711087220e-10
2.134522036430796236e+07
1.150378097195846931e+05
-1.685343405350356363e+06
