100 1.89e+10 9.025252979200405479e-01
-1.038452266747994898e-12
-1.120618497291521604e-01
1.674639441774211760e-13
-2.578120994528741861e+01
-3.576201119569021179e-13
-1.012417518808709400e-14
-4.920161647165160409e-13
3.787641491472943045e+00
6.156577940041818575e-01
9.271036301990368884e+03
7.941641958627836857e+02
-3.261625687778133465e-12
-2.857821854684574646e+04
2.232057974281894983e-16
6.320744380134702333e-11
-1.672776328418070200e-12
-7.113308924723231119e-17
-6.766898324987940490e+07
3.206838483259193406e-01
-8.466900942876504898e+09
2.032438486144743102e-17
3.507398960401232557e+01
-7.733581372972630597e+00
2.138127633436844917e+04
-4.622486019352162856e+00
-3.776330860654253047e-18
7.718592169263955800e-14
8.249155229819029808e+09
5.468002997759075686e-17
5.343427061826600243e-11
-2.299329413536940088e-14
-1.339324290005137641e+02
-4.068028735492969616e+00
9.028680152879296656e+03
-2.214791065722397972e-09
-1.119292969860092857e+00
-1.708845642902670603e+00
1.746116669930763917e-17
3.751469272511204517e-17
-7.392546497180314148e-16
5.631147276814966972e+03
-1.089861412140216580e-16
-1.669138196090090667e-16
1.226725185469086468e+08
1.293967632623777042e-15
5.534962853779089238e-15
-5.861020647098129302e+03
-6.503295763030308746e-15
-6.564213160342407314e-09
-8.116581214000456788e-13
-1.524578883064358958e+00
5.413388382730935109e-13
-1.059809211715895196e-11
4.450265044481880681e-18
1.313733996434978690e+04
2.501597278864085380e-14
5.844730343335580169e-01
4.659846660727099410e-01
1.006069500527162067e-09
2.761670943358391384e+01
-5.612349468054866885e-15
7.362088080130596063e+04
-5.122387040792617481e+05
-8.635134914419615080e-20
2.412521449201965963e-17
-2.801280125689807665e+00
8.707002657041463945e-16
1.148729285405417904e+06
1.090762785905101737e+03
-6.265007253802335875e-09
1.433204142422487394e+03
-2.735904161454561079e-10
-2.000875756124771433e+06
-1.340562678127018153e+05
-8.805288290041522714e+01
4.189459554865723848e+07
1.461419142111121695e-17
4.518989317333049094e+00
4.257128604344231077e+06
2.852014485243697709e+04
1.563090802241103309e-11
-2.196211657846040484e-13
4.183816991330974815e+03
1.769573441238324908e-15
-1.345420010415171564e+05
3.775293772590391226e-07
1.606031253147934057e-12
2.233489624022157042e-07
1.197319297005065581e-03
-1.797857225655738375e+03
-1.466581280515406718e+02
-2.145170327531780288e+02
1.180916748403640240e+08
9.918422697698289713e-18
8.970613937177714545e-17
3.193165211038114047e-13
2.252514282122532434e-17
-1.418485280877576304e+00
4.688208748548906328e+02
-4.022710625056764981e-15
