100 9.51e+08 7.835944953768474441e-01
-3.592626961413505673e+08
-3.108833808122473119e+00
-1.030056170294680271e+02
2.003883950246766392e-13
3.312474131263554722e-01
-5.124762899729767014e+02
1.392085702551466131e+00
6.983256170294401015e-15
-9.396275917136249767e-01
-4.402493932748690497e+00
1.097278860447259823e-13
6.481586521818166131e-15
-1.366049353061430160e+00
-1.902236711258319002e-09
-8.705809645290977642e+03
-6.555781242534201436e-15
9.820463656341362089e-15
-1.083518663695718897e+04
2.567810838716082871e+08
-2.321089732535538641e-15
-9.631925451953567820e-19
-4.775094170294368467e+01
2.111975325891889383e+02
2.248505318835648723e+04
-2.341823753895183463e-17
-3.533461680750884170e+03
4.481939607802237902e+01
1.784315303465925808e+02
9.616022687012950554e-12
-4.588381005279938738e-13
-2.073553039424515737e+05
-1.732252720080743984e+02
-1.507721074427463392e+00
-7.321417090310656075e-15
-9.368819204142138422e-12
-3.434868799664702692e+03
-8.751939037251439310e-14
7.818096832312553488e+02
-1.714918098652165981e-11
2.128619800543090605e+03
7.330148491721696913e-02
-5.662740430724985687e-14
2.291100701216173809e-14
-2.885388093901058255e+02
4.148405838437312157e-17
2.446725248473390346e-01
1.771595007667712838e-09
-2.895736019496723281e-10
2.302047966426901246e-16
4.659527301735674540e-17
-1.276082158648524247e+07
1.943880722412178841e+01
-8.422342440390105780e-14
1.209399596586380706e-15
2.961093021232590484e-08
7.661809301166824238e-01
3.503030813621939643e+01
5.269033148358916495e-11
-4.024590425113926528e+01
-1.086491439767311036e-11
8.014180451723729230e-15
1.079345813559771015e-17
8.577898069375585558e-13
-8.648269221567489253e-17
6.677517271346757188e+05
5.006879495904563715e-01
1.278500748129588736e-15
-4.574119239821299342e-17
-4.201161362131013561e+02
-3.250695979407823893e-15
-2.472057484945132199e-15
2.917864459637513619e+02
5.525401968285529315e+07
5.068636915215454503e-15
1.974355358888295768e+03
-3.297346541934424380e+01
2.484354664450631535e+05
1.077453347911494053e+00
2.164912424631363984e-17
3.676943489080853500e-15
1.171441211379938883e-13
-1.424158499852107707e+04
4.274791521487615569e+02
2.088686433471336933e-16
4.281907039051333265e-17
1.241743114844927277e+03
-3.231563611239523161e+05
-9.473244250539646804e-09
1.018710318282624845e-16
-1.368888632501794553e-17
-5.630017351297674816e-18
5.257778923322840780e+07
-1.234001768821422082e-13
-5.033325357195739258e-01
-5.660390536034508902e-17
7.596172316587213427e+05
1.458738564308862529e-14
2.624449550979793348e-12
6.277890665681892075e+06
-7.798078870055225043e-01
