100 4.54e+19 -7.512234011324413485e-01
-7.848769570044055399e+02
-8.202720149722885878e+01
6.086933645098070444e-01
-1.229369469457859576e-17
-2.505812699093202391e-14
-1.705121366556822323e+19
-3.088699119933838590e-14
4.300037430627039360e+17
-3.771523835460457990e-09
4.816364886238051845e-12
7.844057681357955971e+02
-1.364039442082061946e-07
1.411628275477628594e-17
-1.916997057457791698e+01
-4.276176378035287051e+00
-1.657724594557055831e+07
-2.805322498502230603e-14
4.577922448207391426e+01
-8.870196775405715016e+03
-6.400448412062812578e-12
-1.664842060309649412e+02
-1.509461216551777208e+06
1.143853842017873917e-11
2.027110360404511812e+04
5.289889683058272116e+06
-9.737359714923901906e-11
3.613771231354974375e+14
-1.651250994150521645e-13
-1.375873576907319885e-16
-1.590884371226739693e+10
-5.847712527736715519e-15
-1.560894743141728640e+08
-1.305122526227085385e+06
-9.290187030758679612e+02
-1.790125163383131124e+01
-8.761857564043459892e+08
3.094196049792523155e-09
1.036913663986918891e+03
1.174107171726957800e+16
8.662633196589476916e-07
-1.180158994761301118e-14
2.059188324871760905e+08
-8.587718037929173518e-05
-1.588589561066106934e+12
-6.900000230959499677e-12
5.024170227972161840e+00
-1.214115425563965454e+11
-1.136828376581005185e-10
2.432032293125525475e+09
2.562239183929076898e+04
2.430745692933969386e-18
3.394889479824603409e-16
3.090708448502126347e-09
6.074960751422800560e-13
-2.441363950223120258e-08
3.260461647043104676e+03
-4.384182053428320587e+07
2.573667344504436915e+04
-2.769806544237886214e+01
-2.384678481481088966e+03
2.126781480669253312e+02
5.194976284485131046e-01
-7.532308333889586720e+02
-1.324072443485919500e-10
1.491764058798490624e+19
-1.739993530521759953e-16
-5.148520649095794988e-13
1.475559664087187669e-14
2.335604467583899975e+09
2.355205596748786295e-13
-6.452841390701449797e-02
2.742540064587352952e-18
-1.525048878803658454e+03
1.656230571516552474e+06
3.581464795601322502e+07
3.233596152353671593e-01
-6.136198949086818510e-03
1.448579476690707349e-08
-7.894197393577902344e-15
3.856023438021661551e-15
4.378151265381559115e-08
-6.551207316602405696e-11
-1.913021820321760815e-06
-7.023228415206432421e-14
4.887408086275404795e-10
-2.124900629543507652e-16
2.572424069594204710e+01
1.691468607542561792e+18
1.321404982856995165e+08
-3.000681111594646305e-15
-2.640845297385017889e-11
5.782843906726498608e-16
-7.935275995596795529e-01
-5.612723565877788700e+06
3.533118678735530702e+05
-3.303728172773501797e+02
-3.123789475980014540e+05
-3.219316954060072794e-10
2.221917826610367338e+05
-6.596406934829239617e+04
