100 3.04e+22 -7.665538709684848184e-01
2.196661942690314109e-05
-6.221770156927438650e-13
-1.537264446317238903e-06
-6.197013506027911568e-14
-1.038639550660217285e+10
9.526249946766486764e+07
6.392959018917039604e-02
-2.867930707725497268e+04
5.879978798703836219e+03
1.572329310316998503e-12
2.239205640948532581e+09
8.672983105804531467e-01
9.581029931148569179e-11
-5.255586503232304688e+13
2.533621274612573159e-16
-9.113765352050455219e-18
4.740131916082711792e+11
-2.905405804177692077e-11
1.107178041802358166e+02
-2.976698478911809536e+18
-9.313418770971962430e-09
1.066046669219684554e+04
-1.028244317583096490e-14
1.297480249343584319e+03
2.271767347724988617e-05
-3.369016172310025431e+06
-1.892929723287426270e+12
9.638889251020667840e-10
4.180226790905195618e+10
-4.348801517097482830e+07
4.239221176550419617e+10
3.040730270248037078e-12
-1.185347014358680701e-02
-1.407260477355933403e+02
1.135350560002684014e+22
9.537694489516800900e+01
-2.506802360613522720e+10
-6.847661666973253887e+02
6.450201309600565583e+05
-1.161229860024835952e+22
7.003366773997031152e+06
2.737468952821523089e+03
-5.213395464206183050e-03
-2.116099621526643659e-01
-1.062294672501510468e+04
-9.310651668363686895e+02
1.454226096407723823e+00
2.987138213619846193e-06
-1.788514916590449000e+15
3.461811419308371728e-09
5.223876052148058696e-15
5.470642943536364941e-11
-8.065225075938524678e+05
4.941744817369482234e+00
5.453122809011101638e-11
-3.644572236791455000e+14
5.907024741349329241e+06
-9.984966415523225951e-14
-2.162628470687267303e+09
-5.592855352204484940e+09
6.383429051399216405e+02
-8.236251381650547301e-17
2.459106432198373771e+00
-6.097932427179436247e-11
2.637317193069816589e+11
-1.160074233419122174e+06
2.539628604148172480e+17
-2.682189826086460016e+02
-4.005505311006751671e-13
-4.501605315559615325e-06
-1.496795224891375904e-03
3.222780803615784912e+11
-3.181440601910490990e+08
-5.377900428913837670e+19
-2.604701544151565247e+11
-2.131048543892751150e-07
-1.334740181758048246e+06
6.308948616272141498e-18
2.635958566239280824e+20
5.174159913477904794e+19
3.661944912321473896e-08
1.852373888368848681e-09
3.417634668846981916e-11
1.553876822087686010e-14
3.621473011060084105e+08
1.270224901383129839e-05
-1.880136592362731932e-17
-4.050905153168600000e+16
-3.130991619866523124e+01
-4.135339207549028180e-10
5.985705764911537990e+05
3.521726548246720433e+07
5.376011693098114608e-07
1.850851799196239423e-08
4.588649423962200440e-07
-8.316046662404376548e+05
1.507845401803860895e-15
-4.745977483791916215e-07
8.398045221009993111e+04
-6.477899318368431081e-07
