100 8.67e+10 -6.026029649527900878e-01
-1.256230308646757678e-16
4.474823031239804477e-12
2.119459794331004012e-17
3.510424905824654384e-14
1.418833576606460245e-12
8.685930952772267163e+07
-3.151302079566229168e+03
8.538220231554086833e-17
-2.184467779916207917e+02
-8.976698143344748360e+00
2.113520123546735595e-18
-1.202385418577725999e+07
-7.248999164843978360e+04
-7.810703319516502896e-18
-8.714776873080717912e-02
-9.071204237591267149e-10
-2.439698661922483444e+10
1.606985735136429483e+01
-7.272573371441617418e-01
-8.277702460849156638e-18
-1.675594857309698205e-01
-3.720630673915883904e+02
-3.835264601171850413e+07
1.830563147053074147e+02
3.693640221971833671e+04
-1.116417831607682927e-14
-1.074755790298017673e+06
4.039800448598998561e-02
-1.866399935187910808e+00
-1.223897443951144503e-07
-5.418937677531778157e-11
-9.768177180035753064e-18
7.818876381061884500e-15
-1.594157230361304455e-13
-6.932190033721339655e-08
-1.148520333115398982e-06
5.999337279772946931e+04
3.037773206385609796e-16
-6.331350555377665046e+01
-5.921789174124166166e+00
2.005784660305995175e-16
-3.757403824194204489e+00
1.590588376013896705e-14
2.576640637994878968e+00
-4.910694055422004798e-14
2.866592677702901160e+00
2.878577945698586646e-11
-6.742802860754950416e+02
5.980536864812134867e-01
3.725857742716624588e+07
4.976593940441987961e-13
1.825696379057116792e+00
-1.575682740188416565e-16
2.404543402079015735e+00
-2.387517126464085131e-18
1.425157513183557073e-13
-6.993852717757587925e-12
5.051747189545530432e+02
7.559556427241889020e-17
3.892642074979777681e+05
-7.474776392734594420e-15
1.550774717024649144e+05
2.508622794028190672e+08
3.026424629261990740e-13
-6.901359586369859796e-13
-2.184867745733808784e-09
1.308191561838468188e-09
-1.316415858394194502e-15
-8.910960737823143933e-12
6.680936318820138975e-09
-5.046439858269365748e-14
-2.850075391287034108e+03
2.589012471273667870e+02
2.318014706374879837e+10
-1.390152319066340810e-14
2.212067542001720939e-14
6.757497094754182842e-17
-2.404342622514399619e-01
-2.388415971084531797e-01
-7.590225968918592777e-07
8.279854952406912173e-17
-1.664192726839711428e+09
-1.854543177971241855e-14
-7.937095186474070651e+05
-5.194018997313053660e+03
5.240642310924685262e+03
2.567436615289753437e+09
1.746620691672650864e+05
2.167705074764193341e+03
-2.092917692578707924e-16
-6.560922164735535692e-14
-3.581787929927225755e-17
-1.469998676866261349e+03
-9.873706212488342077e+06
5.230405958308232584e+03
2.947668397106119921e-11
-2.393360053346559460e-09
3.644443115002615117e-19
2.721242595454585356e+00
-8.871253457921455265e+03
