100 7.68e+35 1.648843926729851375e-02
7.664469870934525488e+02
7.301689334612849600e+16
1.034246633735215011e-13
-6.247307983653314412e+06
-1.012277597975253519e+32
5.655520850084044800e+16
3.208336766719208121e-09
1.823217114565238953e+09
-2.116567718344875004e-02
2.467003877459733133e-15
-1.673815970006309683e+06
7.862517525542146058e-11
-2.925978517405100621e-05
-4.712957857273011950e-04
1.985227094586126566e+09
1.488218930076867342e+06
4.152713022255721973e+29
-3.869899443479371723e+06
4.074417687727440108e-15
-8.754740285524001933e+31
-1.214878356611137344e+14
1.606749204263447429e+20
-1.750555316090163200e+17
-6.762125652142818820e-04
3.298382558456272000e+17
1.030533205590883510e-10
-8.872906872634871434e+00
-2.249747820479208258e+02
6.450489842718511050e-13
4.060418636723683861e-03
-1.359191657631721600e+16
2.982508039666279984e+10
1.244787969047468262e+12
1.332709706351050240e+17
-2.566871079748871994e+10
-1.265791046582186219e+32
1.732654156519229167e-06
-1.609014720571399084e+05
5.956681766062227689e+04
6.411901187050915723e+03
1.594414447925635614e+03
4.097017027613402557e-03
2.238797718447860043e+32
8.784970958370092475e-08
-1.144807963433052464e+04
4.527541203909614705e+04
-2.362214042648795130e-11
-5.128737755177125032e+33
2.203666329285431935e+00
7.530709919790538720e+00
-3.802729632118026286e-16
8.044347345623962000e+15
-1.818082605071569824e+10
5.191080070175248644e-08
-6.414740369647638184e-12
6.693186951177518967e-05
-8.966680689923925306e-11
1.695832612268864000e+15
6.919513134374472500e+14
3.229562344729304257e-01
1.225243989231623573e+03
-1.665971058864907031e+13
-3.840047140441338000e+15
-6.593562911768705185e+22
-4.039687791370016045e+23
3.002924830947002396e+06
2.934644280490127467e+25
6.108178314458226887e+33
-3.974090925672324956e+05
-1.435579175406314286e-09
3.003585998583233163e+02
-7.689408785026576000e+15
1.442164333704155013e+02
-4.586173954599120000e+15
5.057941810936580598e+07
-1.293493630837840479e-06
-6.267413787796577148e+12
-4.034704220024629682e+07
-3.978967935186042880e+17
-8.883813638127445824e+32
-5.261550694691025977e+21
4.513179821560151914e-13
-4.940303005441401619e+05
-2.380351036647174823e+01
3.775621005913945907e-14
1.234934136726162336e-18
2.655833982215809782e-17
-1.203337823694155271e-08
3.715672389502003625e+00
-4.009095101611320972e+08
2.400483445880328125e+12
1.561727435177136938e-06
-7.433332755882529297e+12
2.765109411414263430e-12
1.851642137391932161e-12
-3.646393687524940819e+06
2.185940872845842361e+09
2.706661075338503281e-02
-1.758223780034346389e+23
-1.266106818887715904e-14
