100 1.12e+02 8.264923997451958382e-01
-1.991558722111311797e-01
1.742763469634542206e+00
5.750579207500985484e-17
-2.037581510580176225e+00
-1.478422439866620763e+01
1.461183053920089847e+00
1.709547730126596749e-17
-2.088548134716485372e+00
1.067493035172799057e-17
-3.956628653266705361e-18
-4.678229011677579447e-17
1.812624622783147633e-17
-7.811721438772383230e-01
-1.173754795135119662e-17
-1.537294374730436743e-17
-1.028321280689590278e+00
-1.107472036963657273e-16
-6.033024035961941367e-01
-2.916333881654725079e-17
-1.607679511568813613e+00
2.213271082765613240e+00
1.030201391304416638e-17
-3.585800510441276012e-01
-1.150532487328612019e+00
-6.808197123406007911e-01
9.348048432527624740e-01
-8.953777752288710756e-01
-8.676182675394026322e-01
2.503651204390179604e-17
1.349671039912173265e-17
-4.896305137749481568e-17
9.201745659685949372e-18
2.875272421622993588e-17
1.635403799970120309e+00
9.469665002782785946e-17
1.610934615232034073e+00
1.083549381047743898e+00
4.352019464607498556e+00
-2.796155090990564140e-01
-2.254836200922968548e+00
-1.669630905765801525e-16
-7.643420634515982111e-17
-2.967602010119056999e-01
8.999894881200079405e-17
-1.847437268633758780e-16
2.955174099398784282e+00
3.762581379952226823e-18
1.505754595367407189e+00
-2.924811631849627564e-17
4.486135056884353212e+00
-7.742313195911043227e-17
-6.624405631160984141e-20
-5.577592912227808915e-17
-5.934458864097953423e+00
-1.790999277732836514e-01
2.338091673854433505e+00
5.243046769421752837e-18
-1.009734345407549750e-16
-1.721344836440276602e-16
3.929404117790303683e-17
-2.766200620951109626e-17
9.667310004896758913e-17
3.765042766155718731e-17
7.096077880773542917e-18
-2.480463569896097731e+00
3.073454372246074627e-17
3.632832316827608654e+00
8.757325208276185435e-01
-6.359621279617835299e-01
-1.340172391571669182e-17
-9.474752155840760053e-18
-1.020153267301879974e-16
1.161225304056636487e+00
-3.537420775208273693e-01
9.940222852084639182e-01
8.401420263726614435e-01
5.919657766597996365e-17
3.296931959431471647e-18
5.627776806927643705e+00
-2.414114590948357987e-17
1.034356917388502106e+00
-8.530431363293564296e-17
-1.520103363005898644e-16
1.562922661551745387e-17
-2.592791617838631435e+00
1.030136354501662443e-16
2.007189343117532053e-16
-5.927527459084675190e-18
2.251467296118884853e+00
-6.692034897740485322e-01
-1.707456267743884704e+00
2.334141011938481114e+00
-4.729292659217518291e-02
1.265225285981866232e+00
1.553624298982256827e-16
-3.387183236524563785e-16
-1.052889860782354026e+00
-1.966384620942232201e-16
-4.221047687984904595e-01
4.800764513623585472e-01
