100 5.15e+28 -2.291028221008036816e-04
-8.896467042345681693e+04
-6.120472605609001465e+11
-1.213341352847050224e+22
2.428632148774037138e+06
-1.990863783767481134e-09
-3.037820263789678098e-07
-1.117969287139420194e+05
1.044167632187392393e-10
-1.136159909182339561e+03
4.237673586282642824e-07
-6.487483109040205383e+10
-4.293776602705910802e+06
2.506833270304002802e+22
-4.496297017280083564e-11
1.423597156662740745e+07
-1.873542503426832774e-09
-5.161054754675052647e-02
-7.833185593683588028e+09
-1.897546321159945391e+23
2.191804381487427263e-07
7.892579167059101105e+09
-1.367455977128701594e+00
2.129766184507741798e+19
-4.056604879404613748e+05
1.794976097322645020e+12
2.043417072585903250e+15
4.157176327316483366e+02
-4.078790624188503091e-14
-8.674976386340482160e+06
4.009392834381592460e+06
2.238528516767155749e+22
-1.510526786964366797e+13
-3.828707443002695683e+06
1.125668825565520820e+03
-3.463988821717961523e+19
9.223308054519093037e+07
-3.346605293007322788e+09
-1.614116494198154578e+04
1.762507804732335924e-10
3.379687179928138750e+14
8.616333067465276160e+17
-4.479449834598568559e+21
-1.023466171102020096e+18
-3.920154835355473563e-05
-2.599806685848201444e-04
1.153124234041243419e+07
4.273347272602111713e-04
-2.127047379249336245e+01
6.889212060464945514e-10
-3.695662170491444064e-12
3.952129246331751347e+03
5.357751529215621948e+07
-7.506073057998320364e-01
-3.621825272936047554e+09
-1.788469405313776353e-06
-3.579290493041545040e-10
-5.776835340210485458e+07
-9.304651043841545288e-01
-1.359961862758627734e+13
-5.732066447147439806e-05
2.747689637733034293e-08
2.175355720151372836e-17
-1.227103718985834924e+01
-8.808833788750969340e-05
-1.586367944029710958e-10
-1.223277624039267707e-05
-8.850951410246464331e-15
-7.194269974928828560e+03
2.632398469265902902e-02
-3.537948880143193833e+02
-8.395194233095962554e+05
-5.669202910979756202e+24
2.605318993199853024e-17
-2.009077251928632259e+08
6.166787026349755470e+05
1.120979310363236873e+05
1.497097631551207886e+11
-4.437746970162653737e-02
3.093080179321828953e-12
6.406898748568223242e-17
-8.197993537897273697e+00
-3.199467066161436960e+05
1.127448849103984685e-03
-3.537634904538218736e-13
-1.392263608868456276e-10
2.398434414658163408e-18
1.076310016882297385e-18
5.849032298305676292e+24
-3.076806633665661934e+02
1.316550660073749214e+03
4.162972667088523636e-14
4.822916891437501953e+12
1.918568301345881826e-14
-5.686990694911355519e-10
-2.284085875366025660e-14
2.178710933065577663e-07
-2.090200801709636819e+22
4.186319338842898700e-16
-1.197467236845718026e+08
3.022798208503713608e+08
