100 4.96e+23 -8.246154818521578278e-01
1.035177255364484847e-13
-5.759223185868575439e+11
-2.300526300436225719e-06
-9.969526155713896733e+05
-1.240878010555353761e+07
-4.973170311535350680e+08
-7.725072962839942771e-08
-1.947875644633775680e+17
-1.529233901136324675e+03
2.027718642175917149e+09
-1.208768500671520691e+11
3.596734179788004265e-12
6.399814261785268172e+03
-4.871943453094853461e+07
-1.438191385268041245e+02
2.374927545720232658e+01
3.097051624678704568e-02
-6.365988098915552340e-06
-3.707705011865534430e-08
1.912551470486891273e-05
2.308524481605197236e-11
1.574487700852321126e+01
-1.740588651311403955e+05
2.177754912623810560e+17
1.568207451367942327e-08
1.802025597684429619e+19
-7.083381734368857741e+07
1.190092268810789287e+07
-2.205431661134814592e-01
-2.739354328657203297e+00
-4.378947632157572956e-18
4.276600329546439885e+19
-5.656650965593534056e+04
1.326919703405382279e+03
6.183447705507233792e+20
-9.190030918298751931e+04
-1.242308359050720306e-13
1.565019594761386088e+02
6.307845197923152563e-10
-1.068751512562952190e-14
-2.311929592123176036e+01
2.336808411678234339e+08
7.928899386456962585e+10
-5.389112846587288175e+00
-1.776381759152565002e+09
-2.316530281105477472e-16
1.274192756890765287e-04
7.969753616018762207e+11
-4.684826675835506598e-05
-1.642632217355219840e+17
-3.114368397105784714e+07
1.094849856169604388e-12
-1.645048741372056358e-05
8.072047679150562304e+18
2.348258251864457573e-07
-9.349415885944657312e-15
4.792206162622342163e+02
-2.044923103536688797e+23
-8.310554086802215315e+05
7.573267128132090420e+02
3.913352091471764565e+09
1.089008331515899114e+07
3.831480641263563598e+02
-7.513509945708724442e-06
1.353962293364964609e+01
-5.560003802991682529e-11
1.984304195810661853e-08
2.038050237424264670e+23
-6.034048138440397381e-20
9.687383646149471998e+08
3.088808073473701340e-11
-2.270694928113907372e+04
3.784625143534028931e+11
1.299699947149119370e-14
-1.540107106457037500e+15
-9.124168888427880120e+02
2.099513646078405509e+04
5.117256886209465790e+10
-1.417685042118761822e-12
5.639298643298703432e+08
1.218948223821457863e+09
3.778802595122514858e-09
1.266373239309584190e-09
-1.938693481678650714e+06
2.055544805398646377e-08
-5.139444696387737305e+12
-5.538332295164217123e-14
-5.365881969766975198e-16
-2.976695863390184937e+11
-4.554094095444992358e-16
-2.425009559355704666e-09
-8.041076852347188099e-13
3.235247382891042434e+03
-1.121997141028439060e-01
-1.678963417203624625e-05
4.979357562698197626e+00
7.503926914589365382e-09
-3.536295161081401822e-08
2.263539637787488960e+17
3.089171540747986100e-14
