100 5.99e+31 7.238530929154944893e-01
2.976363885844390869e+09
-2.004907388603494642e-08
1.996799895862703806e+02
-2.215752219097970054e+07
1.782939251904753570e-08
3.875888236197315216e+09
-3.086688828971894085e+07
5.761419262993605719e+25
-3.039022092450194350e+02
-7.366748857578186035e+09
-5.205875189509164003e-03
8.683785043346720057e-07
2.514114121115054217e-10
-6.479299707356680301e+03
1.006931160304632031e+13
8.841560238045593750e+13
-3.521030820274613409e-06
3.207323269231591225e+08
8.106664875707939033e-02
3.443834198899611843e-01
5.881089684753317670e+03
6.656238764663678312e-16
-2.187502922044422426e+00
-1.096565834466350709e-12
-6.163534254833523462e+00
-5.305954870744080000e+14
5.425088556764600000e+14
-1.726371234207242727e+08
-2.167026149318997936e+31
2.195242758367898020e-03
8.290697074254706250e+13
3.821196322181631345e+06
3.800190375035373553e-09
3.486229538309948730e+10
-1.232353210509278679e-03
1.101973150743160085e-16
3.512727327316809493e-14
-2.371700867882180166e-08
1.270688530498775228e-14
-6.912475448972189865e-15
2.113039702874698611e-02
-6.255554353431939000e+15
9.653035402071991067e-06
1.691859693247559501e-16
-4.168620260680241269e+24
1.196007245518750153e+11
9.719351596168565750e+07
2.117978145829087282e+02
1.832837237180540000e+16
-1.918595143299931400e-06
2.167028309550257155e+31
4.352714906161600266e+20
-2.043759604981799930e+04
1.497558221376284887e-05
-1.952051008765829927e-17
1.438976031043406401e+05
-5.595522382109697901e+01
2.564051291857396063e+04
-4.636300561601713300e+08
-1.871897520253697211e-02
2.271754640370055303e-11
6.310298143038041250e+14
-6.816870079415250402e-17
-4.262265182139156572e-12
1.213245445778887710e-05
-4.501260278561350760e-10
-6.774862562218242645e+10
3.283556008370741844e+09
-2.005301540813059891e+00
1.254727232529348053e-11
6.212265712443605214e-04
-7.504235548960043401e+25
7.905283376240090467e+06
-5.282068148931509349e+05
-1.496332917903619671e-07
-2.540707179798527832e+12
1.611611025923250000e+15
-1.640907266150080397e-08
8.960588592599560344e-10
8.464627360157347918e+08
8.936349019444537297e-13
-1.666007677538018066e+12
-5.964757431081407349e+21
-1.935867657948441831e+02
2.571155520139531914e-15
-3.720233972373253125e+14
1.975315976185662821e-10
3.246666861981988728e+00
-3.489584348398415625e+13
2.228915354639384727e-01
-3.317260414445772767e+03
4.143156088245529805e-09
9.244131011234566537e-17
-3.280897436367587891e+12
8.478117354466188357e-15
-1.199671084691733588e+06
-1.628948892366334221e-07
-5.576021561729157448e+09
-1.021803024348477423e+08
1.160292064900449116e+00
