100 1.04e+26 -9.521361455522527883e-01
2.433346754436703208e+01
3.403584302288384506e-18
-3.593886324069277510e-06
-1.056083933646231919e-06
-2.336820270973384026e-12
-3.086208887367285416e+07
5.260818217671873498e+01
-9.584120836554078125e+12
-1.614022038148500298e-10
2.470604141793228220e+06
1.613619661714196951e+01
-4.014690678165218041e-14
-1.897730354284462738e+10
-1.067740976076056065e-15
5.104046175090836792e+11
-3.997598813449334347e-08
-1.044025226949765965e+03
-3.473590661204856588e+03
4.091459241018603166e+01
1.656471606174195063e-14
2.032663751957491741e-09
6.104627197456743680e+17
9.355187303347264893e-06
5.999904765066476102e+02
4.464758868712366026e-06
-3.911865941775538772e+07
-6.438809443474227342e-15
-5.645152996240390930e+05
-2.258799209188944951e+04
-5.259826178393065966e-10
1.127401458596991730e+11
7.943995445408312216e-12
1.691209305261737195e-14
1.764425147450325757e-09
2.426030098850365448e+10
6.445267657763003289e-11
-1.206736145183294415e+08
6.954790645858056071e-16
5.082683929679786391e-07
-7.077141895518318400e+16
8.404420143149700165e+08
9.274023497844203949e+09
-3.468345475469701290e+08
7.006717039338708415e-09
-3.810039579433845520e+09
8.913909877199335938e+12
2.143496531682269010e-18
-1.623699814797430630e-04
9.793922804103651328e+19
-8.780413657604248245e-02
9.393450629169945605e+05
-7.025271694985203688e-14
-1.293962060246332251e-06
1.486124186708507781e+22
-1.206035779203736259e-07
-4.436655432837459330e+02
4.570706195131099788e-09
-4.930112191795012011e+25
4.928623680334744697e+25
-4.820007693881854838e-10
-2.873467868954325968e+04
1.853553408235098872e-11
3.868363639156598118e-10
-3.548798415002077604e+02
1.329622611614482664e+07
-1.904427224781011581e+09
1.756697032233072445e+07
9.847631743968486262e+01
-9.403328992289497609e-07
-4.819376434860283415e-05
-1.711883622134834513e+04
3.037480162411238492e-04
-8.528814637058226318e+11
1.684393095743347553e-16
9.305153044364992529e+06
-1.079425811748951382e+05
-1.186352668333221394e-09
6.755193013183420416e+18
-2.385747586355541992e+12
3.217964047137876150e+03
-1.715823095485416651e+08
6.662485758520157197e-13
-8.562328144421361031e+00
-2.751181740394801900e-01
2.949882085648250732e+11
-2.354237807986993836e-01
1.727153591894693298e+11
-2.451789407823440619e+06
2.433426396149034835e-05
-4.520871084002941284e+11
2.610058076225818979e+00
-5.694706894915602496e-16
-5.414177922377147877e-13
5.963802146466865559e-18
-1.200152653183503750e-13
-8.136137350828263014e+19
-4.901780206886596716e+03
2.394645399888797760e+09
-2.107323668520601257e-11
-3.455250385579729918e+05
