100 1.23e+31 -7.983788461351145616e-01
-8.753823876518280029e+11
4.932251836387751562e+13
1.844441744078341639e+06
1.447006747596598070e+22
4.027474549854013048e+02
1.117576725299582118e+06
-3.475444439665975604e-02
-2.570823224392999429e+06
3.014142913208082319e+01
-2.764658847175492651e-04
1.190843980111633750e+14
-9.563673242981825024e+05
-1.095226408924190521e+09
-1.768557399281500686e-05
4.894631083063358398e+12
5.844511635394698356e-15
-1.239147026808776250e+14
3.753877674846539843e-06
-3.232168729506328716e-05
1.038501705873112064e+19
-4.916509057202534837e+30
6.970089580006855101e+01
7.268772655707280000e+14
5.564953260078103577e-09
3.653428230431372621e-17
-2.743327173073081970e+08
2.370721404474103765e+05
5.097638555604813155e+04
-6.576694789966641110e+02
6.648870506339394487e+06
-3.076441793059929088e+07
1.114841415382841187e+11
1.282707841661848019e-08
-1.905963059449263857e-10
-1.850207991503802734e+13
5.872173763012513518e+03
4.925222791319525687e+30
4.282055457692569789e+00
1.047949027955699733e-13
7.302264628011195668e+01
-7.169725776240035938e+13
-2.900547218276356340e-08
1.211357173505672965e-12
-3.655863265047280785e-15
-3.113344841546390756e-14
-7.984299761415719695e+04
-1.779879349305232561e+25
2.651497240307711915e-08
-1.533803060541474705e-09
2.710956971062528975e+00
-1.747608598620323464e+05
-1.427076965678080464e-04
6.925917397241937500e+13
-1.259557182207156850e-17
4.404647078928582982e-01
-7.560003539440635085e+19
-4.065315588289565296e-01
-7.994830567146474123e+08
8.275449881781059958e+02
-4.750065719208190762e-03
-1.874977960867081492e+03
-2.573478227550883312e+05
6.186176801415358910e-15
6.305784810866112876e-15
1.155378949378810669e-06
3.040287702577087848e-17
6.280824091646204366e-01
3.483469317971932888e+07
-4.413338983790404300e-17
-4.768465313209104538e+08
2.320549564334313003e-10
2.004386334030818176e+11
-6.268102019003572083e+10
3.611261726249072266e+10
-2.693517647914575928e-11
1.426686053526939304e+02
3.776608311912811736e-15
-3.103405980898794496e+03
1.448126794141212940e+09
1.036166951558552533e+08
1.545950560983061148e-04
-3.146713867129977307e+21
1.163893304696883485e+22
6.419953246927481471e+21
8.506598624975249268e-06
7.612881721005680669e-03
1.250058055317603879e-17
-1.984109980488046858e+02
1.454586644183986620e-09
-3.699607686960694824e+12
-6.077358391241293248e+03
-5.402819518949833305e-12
1.118775268895793841e+25
-2.461133818215053312e+19
-8.707152368601053633e+27
3.414636218960912999e-13
-7.609060532352629707e+03
6.140359753236178304e-15
1.063320263351890447e-10
1.552015106774791509e-15
