100 1.20e+17 5.925800030711972921e-01
4.153628253905249585e+04
-2.556706395022088800e+16
7.198679482437152721e+00
5.035683581280929744e-01
-3.896893745949263534e-12
2.671454807624035600e+16
4.954422573094772186e-01
2.193006350805098403e-15
5.479199034328355845e-14
-2.199364805351586715e-12
-5.679576162746017744e-10
-4.854817817298881266e+01
-4.047495135744259978e-16
1.432118950678591430e+07
-7.250001614452946000e+15
5.517567114203999872e-16
-6.538865076587377700e+00
-2.781782637698293500e+15
4.057743792458074145e-05
-1.202934083991029816e+11
-3.100999661539556486e-16
2.301810827453828479e-01
-1.125468836473774165e+07
1.009743055224012987e-16
2.581081028025549500e+15
1.187605204254485667e+06
-5.001683381824620911e-01
-1.444131580732754432e+06
1.201871546069831787e+12
-2.853557008276035381e-02
-3.026171861394120199e-01
-1.449581427723903494e-17
-9.276056069268362493e-19
8.426456621159525588e+06
-3.927452508683013916e+07
-2.135390567840174543e-18
-7.661923673054203987e+08
-2.533036824870261955e-12
-7.508849609102935529e-02
6.256996384082973644e-10
4.157101128879447938e-02
-4.308462382363480865e+05
-9.836673715668409613e-05
4.486450300027052987e-09
4.590958215610450921e+00
1.601232139553254150e+12
7.879282954440058120e+02
-1.051178531111355738e+02
-1.272564389681732564e+02
-6.228514899788877665e+04
-4.991376781863467638e-06
-4.204894956322506914e+03
-5.389521673059769869e+08
-3.710742220453412533e+08
-2.154937658059465027e+11
-2.196131619613528073e+03
-1.688887418748708296e+04
-1.744473030522131417e-13
6.276412931996890876e-01
3.447006675001407075e+03
6.133362532012323953e+01
-2.561079066562968106e-16
1.510809218360571057e-14
1.541427213923267203e+00
-1.323308235519608304e-18
-9.717682478318439188e-10
-9.328327392809136654e+04
-1.657312965108909706e-15
8.067973630548019610e-10
1.540589733690715823e-15
1.082502259085491442e-01
-3.552422730378136835e-06
-2.215935150083679162e+01
-1.725479713767439386e-15
-2.616587365406972419e-18
-2.719457486126858115e+00
7.189860167186745699e-02
1.262492659012071352e-14
2.982255753044226021e+07
1.260446420600649986e-08
8.730192116850156564e-13
8.235403864977012854e+05
-5.912367370099721011e+05
4.429546960435261171e-11
1.885623725273946958e-13
3.250715677203312737e+01
1.885888692972925942e-11
-2.402068825740531475e-11
2.730365608506958644e-17
7.956579903648147566e-13
-4.545615661564622103e-08
4.488321639760476419e-18
1.105553435417516386e-10
-1.748043294977489717e-11
1.114367888156235858e+04
6.300753538725838000e+15
-8.237627013747960329e+07
-1.113534210671700635e-13
2.195322708187647436e+02
2.419023541294895578e-08
