100 6.98e+31 8.695820599550662111e-01
2.146096526557235723e-16
5.008394313674685938e+13
2.936750715539410183e-05
2.211453997323062080e+17
-6.685535428813872086e+30
-2.608977247615180622e-14
9.969083522153398646e-07
7.329611479174835052e-17
2.314851243186956708e+03
2.189067745243555000e+14
-5.891885987525805664e+10
7.484849586545934130e-01
4.943117130354539146e-11
2.071294328636476435e-14
8.900729552952552331e+04
-3.134656791153497314e+10
-1.154608467691213809e+04
2.406322200225447620e+31
5.229379903129440670e+26
-3.803262458760858635e+02
1.086517954195859647e-04
1.305006182209944911e+07
-2.036777391817963123e+08
-2.311665615264960000e+14
-7.802907490892904317e-13
-3.213163990959959030e+09
4.498517821538418998e+28
-1.604650035818192144e-09
-3.197643541044031146e+00
-2.456266449051024000e+17
7.539295577043720886e-01
3.081203710010930213e-11
3.541249170942350006e+10
2.178758941161425960e-03
-1.277909238595846375e+01
5.354008648032139062e+13
-8.685644788259950280e+07
1.338124531604006411e+24
-8.202405065025740782e+01
-1.717402056855360515e-03
4.816661119826241010e-09
-3.710589821083909325e-15
-3.238023664488665077e+00
-6.986089289819547065e-06
3.268264629635262222e-03
-2.366460843088284779e+31
-1.513520853711969246e-16
9.836665778349005127e+10
5.230124203633827715e-15
-9.234002835888483524e+08
6.059715270480007507e+30
-6.560293254089923438e+13
-2.626364379663151855e+12
-5.938199377349264920e+06
-4.915765684591905000e+14
1.231017339880458916e+00
1.170055487951400559e-06
1.064394254213712911e-11
2.215056139929950306e-14
9.002317639269217580e+02
6.318352767258908827e-16
2.708691287346449030e+02
2.618831835884541874e+02
2.443101072181483214e-15
-1.955015910020981979e+10
5.908338685181889000e+15
-1.579324604745252358e+01
-1.573255261488560000e+14
4.874588381547677002e+11
-6.390623575287543190e+01
-3.350202735131444509e-01
-2.973871883900445351e-06
4.644144609932217236e+02
2.732237298947757660e-17
-4.329012985829497895e-01
-7.444086731213195307e-01
-3.512020151994488259e-12
3.238223046794665274e-08
-2.058350667624610596e+12
1.583290754460605854e+01
-3.272743348271311726e+06
3.911943963172548785e-16
1.524709332758945312e+12
-7.600446498493559315e+22
1.668365747520277227e-04
1.816972086357853521e+29
3.890580074581477923e-16
-5.160032133206799219e-17
5.176832120628058647e+02
8.038973873579861994e-14
-1.444637233084561552e-04
7.052837603197868800e+17
-2.529429259334769740e+05
2.545771433295195927e-09
3.929590051330687663e-17
-2.586673519445896149e+06
9.845519114026160000e+14
1.210947582053500000e+12
-1.658080707125647590e-02
-4.522622849907465820e+12
