100 3.74e+07 -6.064506993578814287e-01
-5.750107522195025097e-12
-1.494883552898694006e+03
-1.701622411306892085e-14
1.890364344222750681e+00
2.844927803770953660e-13
-1.494401020499722676e-15
8.758677641055926699e+01
1.558163530875808078e+01
9.089001522060586140e+06
6.748749931656185197e+01
-1.366173602041457436e+01
-6.624297007481490293e-17
-7.957249141910808697e-17
-4.670773262781458443e-17
-1.153016781018403391e-15
-9.081622042419483187e+05
3.257030695834585317e-12
1.391081936395419718e-13
3.451600465472624890e+00
2.163118664430888603e+05
8.371662120072433654e-15
-1.204874670222064976e-17
-1.214487318713555578e+04
-2.203251025043852351e+01
4.600002152688796315e-17
-8.871702988948204194e+00
3.445064727154128548e+01
5.346209748787548102e-17
-1.606797577550454662e+04
-4.425249097221329748e+02
-4.043928670767879190e-11
-2.308033468759403149e+03
-9.577377848399559615e-19
-9.349109313147848766e-17
1.192554386860926741e+02
4.952973089674047434e-11
-3.467164610473322457e-14
-5.505259985944098010e-14
4.941349533105449518e+04
2.330788200321008419e-01
-1.351867533207633540e-17
-3.413352985608264494e-13
9.080865358136025317e-12
2.061385109742537660e-14
9.932860598872261804e-01
4.455643778830200599e-15
-1.657780485888403632e+01
2.317929230655791741e+02
-2.165829069000961837e-01
-3.034800039266900172e-13
-2.810292932015134859e+00
-2.603999336067429614e-15
1.441265207023403889e-17
-7.455238619395265818e-16
-3.968422254969112384e+00
-1.524690734148786078e+02
1.481977459443151247e+03
7.617108638384229735e-17
2.672570214218055945e-17
-6.044875729924706090e-16
-1.206032315499003406e-15
1.493661587548979395e-16
5.008346771122639009e-15
-7.882348883014464894e-17
3.578590493700794759e+05
-1.236399787574053305e-15
9.803145982168047778e-01
-9.531141943262891824e-14
6.108640170272450831e+01
1.505006374831591387e+00
-3.647325679869893678e-14
-4.230490691646105457e-10
7.532228777148689090e-12
2.284311587367974609e-16
5.428976942921472983e+03
-2.583816604919990656e-01
4.477073815207017469e+05
-3.858412519247166883e-01
-1.085377883175401972e-12
-7.895947058392005090e-11
-1.079829233532193117e+06
-2.273132580450771911e+03
-1.563390231251401246e+03
2.538443849472967884e+01
7.800456350666782237e+04
1.532221097427765096e-11
2.186591031905584259e+01
-6.859126484326805563e-16
-5.252556488527291094e+02
-9.320077321748493239e+06
-2.023648326613571242e-14
-2.021798697266548928e+00
1.222058234800514338e-16
-4.699471914369044043e+02
4.329774544300386879e+03
1.095508097185200080e+06
-1.814250116172689526e-13
-1.446639483098379912e+02
5.858028212993804829e+00
2.092143649463190651e-15
