100 3.55e+04 -2.126632386061449165e-01
-4.763115466726822839e-16
7.575314591688090404e-01
1.686835677515599485e+00
-1.315596320898166027e+00
-1.307086320038202539e-15
1.096622872397286557e+02
-6.438856895950653551e-16
3.511937990237144902e+01
-1.594582795236338946e+00
2.612487645759597044e+01
1.208548891442882134e+00
-2.274699745251220359e-16
2.067135618339001200e-15
-6.134469466727992426e+00
6.649512955664620417e-01
-2.207138592485989688e-13
4.925606005167360024e-01
2.828395539997962338e+00
-5.723744171774581591e-17
1.467473170469570043e+01
-3.736817045681574356e+00
-2.324931499864317719e-16
-2.400890871493214387e-17
-3.314214940312045218e-14
2.271938587012017052e+01
-9.856810440451774236e-01
-1.208190150169869746e-16
1.571123383673056243e-15
-1.785594268972657678e-15
-1.564020014913025669e-02
-1.133103729200411891e+01
-6.183614011504209027e-18
-4.351719309394023642e-16
1.308654741680244926e-01
-5.103041538438577542e-18
7.607565294226757979e-01
-2.051129234178634775e+01
1.637958424088615963e-16
-5.089008623349219107e+01
-6.497741403214544853e+00
-3.470727322989918500e-15
4.822494726324647277e-16
7.701252261081820905e+01
1.788351062722857215e-18
3.296916138056602904e+03
7.898277212601177766e+00
1.188930362645488540e-16
2.383373961742524472e+00
-1.206481232846876742e-17
9.809701231344826466e-02
-5.267093231481742066e+01
2.220779491067749919e-16
3.192918934953208776e+00
-1.893387380781392626e-17
1.036146591405004891e+01
2.320686456008583143e+00
4.840249896166094713e-16
2.397395526800927268e-01
-1.698537706097790279e-16
6.927906359355101573e-02
-9.350132869789612983e-19
-5.475040762198538559e-19
-3.299303061490719756e+03
-1.695566599079864633e-15
8.589539063497042548e+01
-4.131399145419164398e+01
6.270784881066481387e-17
9.098201869100462567e-17
-4.729306454388739467e-16
2.274141202200158673e+01
-2.000400298124096992e+02
1.791733761898368270e-16
-3.425586332919740251e-15
9.716803541856732451e+00
9.543926006962786701e+00
2.045571535371485000e-17
2.381391137518896173e+01
-1.513294503130917690e+01
-5.772760817131227462e+00
2.534097705720049671e-18
-1.680063911130011078e+01
3.979786401448865903e-17
-2.084608574446191298e+01
-1.188999313025336946e+01
3.663525431388022680e-16
1.604960939530254906e-18
-1.944921122997090694e-15
1.084828738821000981e-16
2.932392651386321894e-16
7.279769000014390936e-16
-5.443892860282295919e-17
-5.846236971404170309e-17
-6.738160299451905644e+00
-1.918463740813304682e-16
1.958129337363968678e-16
1.528349892682187683e+00
2.745481219338399281e+00
4.349798247236742048e-17
-1.547492823661165497e-15
-2.932690504797285073e-16
