100 6.96e+27 -9.722590299291677951e-01
-5.816926382250154347e+03
-1.622632521355690621e+07
2.938715880572206626e-08
-3.127281078985904017e-01
2.117569004905311048e-14
-4.974008460635936906e-11
-5.445980543926984537e+05
3.079992551538073088e+18
-3.218452375430523489e+02
-5.766415713159613782e-11
2.059308497449917952e+06
1.619411663385465820e+12
2.494765319565169333e-13
-3.756858398204543192e+01
7.090350713098985125e-01
-1.832999132490979172e-10
3.010640035546917969e+13
5.073509740166676044e+08
-2.021479507793738842e+08
6.513412421945542352e+24
3.321761026595757781e-13
2.769718430094445892e-09
1.764016812937383065e+02
3.113484858695614718e-15
1.143427095733197718e+27
9.294257604293651581e+08
-2.327328357035327372e+03
-6.986241155203964268e-11
1.606744679207789294e-15
-1.618160195185252380e+10
5.904307095878215250e+01
-5.920134147744553080e-09
4.041535076369158925e-06
-5.080248041528172692e-17
4.128762852311423048e+06
-3.123920963139992295e-07
-1.140535900191243512e-01
-3.094260381668976908e-08
2.915691194642752930e+12
-2.883847200489798865e+02
-2.376311280041982500e+14
6.901280332933738828e+04
2.833147468096199249e+22
-1.954124270816904427e-17
-4.518760064280711100e-04
1.704337256892976293e+05
-5.863692996029132212e-05
-2.562089018935358416e-17
1.489423189818461069e+01
-3.267801105792997995e+22
7.689181693553785980e+07
-2.540816548009405373e+00
-7.776413377046875251e-10
1.249321298108608913e-11
-2.813332868967123200e+16
-3.175059787188607578e-12
4.082666678409878058e-10
-1.157932311311209281e-11
1.876735799492570044e-14
1.759264878129400980e-15
-5.003891121200536191e+07
-1.268442742262895426e-02
-3.085542092582664793e-15
-6.543774586066984572e+06
-6.327519305333674282e+01
4.637665664027531515e-14
2.200705113214377000e+15
-6.363079618561072656e+13
-2.411243390884089279e+10
7.589043597397898865e+10
-2.502225750837493008e-16
-6.217953104499027717e-01
-1.508881952057594899e+06
-4.691187796361509766e+12
-2.530779030974948896e+01
-1.056197328716135254e+11
3.754852847150317842e-07
6.566380804999521637e+10
3.643720585118350220e+10
1.767189567080877831e-06
5.473054943160377661e+02
-2.006546331349279732e+06
1.937316284255421255e+06
2.233831329331387646e+27
-4.993546218692212772e-14
5.665364302220397949e+10
-3.194665399337873524e+00
-5.664053627346404783e-17
-9.281265113278675079e+07
4.576169196867887479e+00
1.559476016592850465e+04
-9.146347983631896000e+16
-1.470787151484901383e-15
-4.048312430505222181e+01
1.094570144695243530e-04
-3.383767493912479160e+27
-5.408722381996063232e+09
1.864860166890565038e-03
-2.893871996311936823e-07
-1.252585618216305041e-03
