100 3.56e+07 3.975014649092494246e-01
-4.519601494328486346e+00
5.924497587479651145e-13
2.272805303278577327e+00
-3.165538092438790812e-16
-1.608128421626240549e-11
-4.542620510267189093e+04
-1.884120025544107762e+02
-1.371539342780521586e+01
3.305732436970451215e-16
-1.327158309556192734e-16
-2.101481564553466168e-16
-1.722245609186339608e-15
6.392380427274073661e-16
2.427051880424500396e+01
-1.606736730933113933e-16
2.987956025634493120e-16
4.710300773147942266e+00
2.635717224627005924e-15
-7.451740310414227524e-15
-1.691217556450589427e+03
-1.117117606307562482e+03
-2.125531470919966136e-13
-7.928464892845875632e-17
7.461755883454499383e+01
6.001120908236861772e-16
-2.157570103549840067e-12
-5.871708580649676179e+01
3.362299776420365939e-14
-5.571779426124683141e+02
-6.969355562543691575e-16
1.856953000389799417e+05
-6.825262595067077465e-11
-1.223261458160434626e-12
1.782101311117058663e-15
6.307841877677599982e-14
1.779143672232576920e-12
-4.038605031603478710e+04
-1.679274177087538364e-15
-1.362445607216251453e+01
3.341409342331429499e-01
1.515559480142718485e+02
3.062456962453504026e-10
8.218073080724644551e-16
1.240900987954876849e-16
-5.009430333159345202e+06
6.478483383095532417e+02
1.378786844129178689e+03
-8.744008391518656796e-17
-2.248439273251292539e-10
-1.391733925870127280e+02
7.794815812052823389e+01
1.216924239062001645e+00
-1.818130532062606420e+06
6.402286065567948103e-01
-9.370634640293103075e+03
-1.319497004962689237e-14
-2.925256228159947932e+04
3.856252275071918266e+05
4.501629859466666691e-16
5.515031382439851871e-17
-9.394589672908802459e+04
-9.848615780734435887e+00
-2.152583313081037234e-16
3.575555952483377098e+00
-3.780472998103651605e+01
1.112333392482277361e+01
2.718708152071989389e+04
-9.546705774969652669e-01
-1.230859130484336674e+02
-2.228962720935152575e+01
2.663037382088057825e+01
7.621782003193172231e-13
-1.036494259805674892e-17
-8.125386579337056981e-16
-3.028233182999612159e-18
-4.107875087450171307e-16
2.226793352360846825e+02
5.437605014502847758e-16
5.995953553048459180e-15
-3.299503656551669195e+01
-1.951502250042719970e+04
-1.469338588384297850e+01
-1.155877707924679500e-17
6.468369721792098135e+06
-1.847448336790922887e-16
3.683226361331994993e-14
-1.388835998414589135e+01
-2.002611950838847577e+01
2.095383727107959504e-01
-5.086784228073176095e+00
-7.788578787622288764e-14
-1.005969441972550761e-13
9.907354099606230591e+00
-6.568674484142821937e-13
-1.532272392049133562e-15
7.370218329673980734e-16
-1.594438458671356784e+01
1.149463269189271175e-12
8.479852639007490161e-16
2.226884173260414457e+01
