100 2.08e+35 -1.931295779508366284e-01
-2.488912166337329429e+06
2.633548337381090881e+26
4.189593531491600742e-16
-2.229016701428249295e+24
1.722446972607209487e-06
5.297862475866725747e-09
1.143929523382624325e+00
-1.974514884723171676e-13
-6.963139010697987080e+08
1.981994219773091838e+34
-3.528623245048390627e+08
1.517235907836837709e-10
3.054520643923125690e-08
-8.277616543173197500e+14
3.374701105093397473e+02
5.335546452963081015e-18
-7.256396065698560000e+14
2.557319800333972000e+15
-1.455666573836551882e+34
6.245710118076000712e-06
-3.002046607415349960e+10
4.067287809876585225e-06
3.649543138827719116e+10
4.975030992749124303e-02
-4.980054341481585280e+17
8.311107752135349358e-02
-5.536220019809198080e+17
5.558159873663259717e-12
4.436559348279646873e+09
6.835527340320547891e-13
1.240718427423921875e+14
2.271647484286391735e+07
-1.742540753340961006e-06
-2.265955562893713449e+01
-6.816984843849573035e+29
2.199879957674499332e+32
1.066734530119482422e+10
-2.365795244748256920e-01
1.155151866215511740e-04
-5.487799168824835760e+00
-1.220782958199828863e+04
5.314372562304425784e-02
1.800078569018611302e+19
-1.378268614279271505e-12
4.106613620524796053e-16
-1.259437201423115642e+23
-8.398150626208944927e-10
-1.078719682966047344e+02
-2.654619424832404206e+01
-1.176336448012568106e-07
-3.140400719551086426e+07
-8.145584660168697155e+02
-9.717551948215049900e-15
-1.635756638894121499e+27
6.931490899200290442e+05
1.998406066703810215e+09
-6.107169574700803405e-03
-1.124033785209764375e+15
-6.731863926027288527e-06
1.663608011026595312e+14
-5.446836827459590751e-18
-3.170355629335671200e+16
-3.982203689732558432e-16
-1.416243713248623657e+11
-1.658930422750854492e+07
1.498403950081081421e+05
-1.420517209480979643e-08
5.933502608291402588e+11
4.422921740400593728e+06
-5.067684944219809850e+31
6.450353787796853760e+17
1.302925325834746687e-05
1.259875910194816061e+04
-4.491284963293937500e+15
-1.274277792885435352e+13
2.311531976874029325e+22
5.128125014254712243e+29
-2.404208657417470022e+03
1.515458853120151535e+07
-9.302164688598498702e+07
1.293522399605720367e+11
-7.021449972192157696e+18
-6.316986837678049736e-13
-1.675334491814617977e+01
8.105056498278671875e+12
-6.811261165766829828e-03
-1.549465428412509155e+11
4.246108772405143433e+11
3.453459520241567589e+02
9.424179064929687500e+09
1.139852391362516202e-07
6.496614818939867864e-02
3.281864577335432812e+13
4.751705730439076468e-06
-1.164987784251389238e+26
-4.188336080080314373e-16
1.298973831168039544e+24
3.683834643429888000e+16
-5.432417229774247628e+33
3.712483670669776038e+05
