100 5.52e+29 5.943895616908321244e-01
1.062897300859455552e-03
1.023677128976999760e+09
-1.192877863326968166e-06
-2.796104123250765800e+08
1.543111463225727893e-08
1.552805387280465368e+02
-1.790845586753760369e-16
3.437251901936232315e-15
-6.342464258121462990e+02
-1.637466850817090393e+29
3.299530900146673272e-07
1.029556747223242610e+03
2.877398034247971168e+02
2.191063127198422623e+10
3.822256689101337543e+03
-2.560611283939191603e+19
1.584249109996490297e+05
-1.762112381957862854e+09
3.431181667955870207e+00
4.270284691819729727e-17
-5.711121379559909668e+11
-4.476559861347134040e+25
1.978139402500362854e-07
-9.206448118635158000e+15
-4.786763900119943619e+08
-1.160930688160028784e-05
8.208362569946681261e+08
7.136459867835291109e-13
5.224772878262782250e+00
1.935937206232533208e+05
7.031752604817221875e+13
-1.606611350870059814e+11
-1.406414030619371748e-15
-1.405314142703925000e+13
-1.742672772785093471e+01
1.986231366620381802e-13
-8.010241514572500000e+11
-1.955399303720355034e+07
1.358476845890803528e+10
5.420488875717179688e+13
-9.857970079941732128e-11
-1.369571682920300412e-08
-6.232615133942400418e+21
1.518709234594681281e+29
3.958714872077832930e+06
-1.384497927035872126e+05
-9.769616727091870758e-15
8.627267922775964355e+10
1.914856214571380127e+12
3.138489888100330718e+05
1.245129461162770895e+03
-5.838755574590086326e+02
-1.916784760653322817e-03
-4.203303979906421452e+25
-1.151710446773801088e-14
6.393698525079085682e-15
-5.375904054207661296e-08
-4.478218864634802938e+07
-3.332818228295973565e+23
1.154509027821395322e-06
-7.484655010486720913e-11
-2.456586183446871416e+02
1.205393304329881387e+28
-7.624627186411093716e-01
3.465661005578723922e-12
-1.603110536457786587e-15
3.083543548806047440e+09
-9.103324259243827905e+25
-1.595060108965494646e-06
3.800850334624372482e+09
-2.347056895155407651e-12
4.023517957140824758e+06
-1.970457537180461682e-07
-8.871014847849186707e+10
5.558373359007551251e-05
1.286063249171197354e-02
-7.707689580710413933e+09
1.454485822106557044e-08
-6.546577875055420200e-17
-1.282402118736613659e+02
1.129524296552413508e-03
2.624581140766526875e+14
-9.816598133571925455e-01
-2.833679318279960583e-12
9.097383421179996729e+08
-5.598882905629317719e+01
4.590605458064693958e+07
-1.907160889340919922e+13
9.062025574117690890e-14
-1.155860667119422150e+11
5.092961237239488487e-07
5.798802089374140532e-15
2.651847624041128270e-09
-6.652152460693531611e+04
-2.066137573237854004e+09
8.106990069229191791e-09
1.352504458231006894e-09
1.749798823288517879e-14
-1.448512146337687073e+11
-1.413634233367062204e-05
