100 1.60e+12 2.069034661190980173e-01
2.953961395209958027e+02
3.467945590295474205e-14
-3.260617170881516480e-13
-1.236237776966089294e-07
-2.856163070655136253e+05
-3.075587621392508224e+07
-4.429458646707514546e+00
-4.081092202836515427e+09
2.455668905862851143e+09
7.600916117651798109e-17
-1.595748614891406847e+00
-1.196528007124656483e+02
-2.236016576147855943e-17
-5.349824217439849008e+02
-1.230619638208897015e+01
-1.151877963016317169e-17
4.459078602679045815e-17
-1.628480041971656365e-14
6.745195718914750614e+04
1.775840495674345846e-06
-4.563465136814894485e-17
5.793555233230067304e-13
-4.906257201271330599e-10
-6.154962664636934733e+01
5.866305052448997230e+02
-3.261597031333758545e+10
-5.265262627652525279e-15
-2.406238999726286139e-11
-5.070103268683659554e+09
1.136036385326027442e+01
3.096455564980290731e+00
-4.192618378231437681e+00
1.729152031937456923e+04
-1.722650940891441143e-06
4.016550763265635851e+03
4.163629890990056563e+06
-5.152488411139109352e-15
9.636525948501004559e-13
-1.024768180373385439e+04
-2.810529707490897513e-12
4.637635322952335341e-14
-9.171140276583021545e+10
5.441310557641313039e+01
8.839414586913507677e-01
1.069156827583278450e-16
1.496816475862343054e+02
-1.240082254267226739e-11
-8.349610285599238750e+02
5.510394180596100711e+01
7.494708927552349451e+03
-1.103172444519433804e-13
-3.014047491163746339e-15
9.588406827969418173e-13
7.226989678654747706e+01
-9.463798051566616323e+02
-1.884147693552333821e-17
-3.409010318284569987e-17
-7.667719450298265136e-16
-9.197203367319257564e-08
6.619610412407437095e-14
1.211405818751673036e-15
-1.272792344928963360e+01
-8.820521230728782678e-12
1.751193974494924120e-07
1.428696216920437934e+01
-1.532435667131926051e-06
1.120461484251905995e-13
3.058397719638973236e+10
-1.476583185234344782e-15
1.605039352681948503e-14
6.300641817946743774e+10
-5.692815003299347422e-18
-5.150967924895916804e+04
-3.484324385814329856e-15
1.014728067856709799e+03
2.385659342039822642e-15
-7.554469636644158199e-08
1.708499232535197950e-13
-2.881497557699402856e-01
2.634298169839791584e-15
4.784053592693249229e+05
-3.171099442766190338e+10
3.395523876747192844e+03
1.230152082430587045e-16
-1.924215246295513907e+03
-1.911971007268513131e+04
2.680301589453651268e+00
1.055232234056770770e-11
-2.465528568602036128e-12
7.485512978727913857e+09
5.097235218538338086e+05
3.378627367034676143e-01
3.983318688324148996e-07
1.087881904424459204e-16
-7.439243005358251448e-01
7.443458846589551844e-06
6.168369897405724335e+10
3.567449024747081920e-16
3.665395368550630938e-07
1.599017662812307244e+05
