100 2.88e+21 -4.866651751988193553e-01
4.735896636075173037e-14
-8.362560596515879631e+08
-1.100198775993669248e-08
-7.684795742249353709e-11
-5.543794824267708464e+04
1.290686152133975245e+19
-1.238242543610980656e-09
-8.860344530435346755e-01
-2.262159787160640815e-17
9.264114823529965292e+00
1.296318479634576191e-10
-4.568256732283700308e-10
-7.654825045856890869e+10
2.953107708389041070e-08
5.390365694693488271e-07
7.041369407090328369e+11
-1.015914226245761887e+00
-2.373799740720965019e+03
-2.674127155869770077e-15
-1.687060139065361920e+17
1.017022583967031230e-11
-3.376991259003757172e-17
2.389501321646073341e+09
-7.000813730664951801e+08
2.038728729306446439e+03
1.244335367081907728e-07
-5.551137076749699253e-16
6.631456789183262152e-06
-1.582670279843614559e-12
1.971892059881308794e+09
1.650534262852097039e-08
2.273623904666975141e+06
2.382869757521559223e-17
1.031615119088243255e-07
8.579740042968888883e+04
6.590713842639751732e+06
-1.472231041855871325e+01
1.985570333664176753e+06
-3.898024046093282523e+05
-3.601495452377998203e-14
7.694153867741206341e+02
-4.474130191341790825e-15
8.262529815118924715e+06
9.999992199470458809e-02
-6.998513036913838653e+20
1.516856098736953139e+08
1.030046912839962032e-08
2.102655690341351941e-06
-1.274512033732525482e+11
2.294149522199421654e+01
4.133996456200510039e+00
4.361759987780526691e-14
4.374167211542812825e-12
1.340683976644890976e+10
-3.448206378194332719e+08
5.505136511792335341e+02
3.791375324956604193e-14
7.174569609869687196e-11
-5.504904334623422652e-13
4.897253883019081044e+00
3.843588478853887342e-18
-4.668006919873568222e+03
-2.687440484247741699e+08
2.409764767005280500e+15
8.521284672553424658e-15
1.121279535561348894e+04
-3.433828312086533241e-12
4.152518425785441399e+08
-1.914870392616386991e+06
1.481880597835722242e-11
8.828727792593354000e+15
-2.044438652287960956e-02
6.657668021042654620e-06
3.081991885561750451e+02
1.053905597041951021e-13
-5.015409599863374268e+01
-8.332550517537318235e-17
2.861496371150022000e+01
1.002480139713284007e+04
3.935396137330230739e-16
4.897153210918056969e-11
-4.795502195411171851e+04
4.030809346145490417e+05
4.993881432992066544e-13
6.871002809933843661e+20
1.016071668269075614e-07
-1.938339290993375973e-11
-9.378676090786777496e+09
2.817332674974381652e-07
-1.641764121409838554e+05
1.232939360347148431e+04
1.628188569577393250e+15
-1.543345161523324138e-15
2.339942719122967141e-03
2.754348116159735946e+05
1.877364562116731307e-08
-6.345582438855929649e+04
2.464297479061939100e+02
-2.822983546391011345e-01
2.475756217490211487e+09
