100 8.00e+10 3.359521002469783024e-01
-6.581015862958183504e+01
-4.353229470398328781e+09
2.442802041829488462e-09
-9.583057373129281998e+08
3.003205365841273800e-16
-3.811891238365082972e+04
9.152123235376701113e-18
-5.474270346073754132e+07
7.118929766412327353e+02
1.210123741344313074e-07
1.856201936927921418e-14
-2.862308992254090523e+00
-1.926582438893638944e-16
-3.326346208631096943e+03
7.912481798531830535e+00
-4.382532480946147333e-16
-2.509678590426242150e-13
-1.444838727036337522e-13
-7.402535528498920270e-01
-7.820847901897585392e+07
3.470766109676124214e-07
-2.566486562213717493e-15
7.541320635153408602e+01
3.777620886699751372e-15
-9.545637166612934710e-01
1.784805898942416873e-12
1.457448857741511201e-15
-4.799073953896719351e-14
-1.113161391795149257e+03
-5.772210660665147088e+02
2.212358076736689691e+04
-4.988602554554616015e-17
2.444188793104095880e-17
-7.838386661863285065e+09
4.001342767411970541e-10
-7.079192317747291071e-15
-3.920597308152031779e-01
8.041761305908571045e-17
3.391099433353033285e-17
-4.438704694898362127e-07
-6.714530968368049221e-15
-1.800851950603216878e-14
-1.921128762520541490e-16
8.874172049754537994e+00
2.735116004437818949e-09
-3.654342023772848336e+01
1.649055356702328641e-13
-1.712283421465010137e-14
2.624871335023454577e+01
1.754926679938116789e+09
1.025534645121806373e-13
3.222953058093244001e-07
-1.440935166122737243e+01
7.058195460207131191e+02
-1.995077991379881441e-12
1.741904362689217131e-16
3.351564448809841451e+03
-3.782178906255463431e-14
1.245100936333134632e+04
6.782561401996758461e+09
2.392569803500917544e-17
-1.730925092930704355e+07
3.275708345327578471e-18
5.272917864302902308e+04
7.113020536084696687e+03
-6.043392600838756455e-16
1.709055402684650383e-13
4.901785127992877960e+09
5.489187536884404909e-13
4.925491080435953976e-13
8.910021374007097911e+05
-1.245799509100367122e-09
-4.286664129807194001e+01
1.476716667488070511e+00
-1.277277546732613018e+02
-6.400728510928459514e+00
5.014518797689775376e+00
-7.674937482258096244e-01
-2.329724419918525382e+04
4.966947880693273413e-16
-1.339373771119606644e+08
-4.398055819574049565e+03
-1.947765588215278754e-12
1.073048280567921348e-07
-9.150545441403827277e-18
-9.873740576124416379e-16
5.345527325526733184e+05
-1.467555488045201884e+01
2.534501475422963495e+02
2.956909178966384208e-11
5.056622292270880933e-11
4.738256263992981577e-09
-8.720584056040030526e-15
1.777149745515203705e+01
1.431093803185496881e+03
-1.183932030442455652e+00
-9.327883559463592974e+03
-9.265292454696468804e-09
-6.519640226851067506e+06
-7.998330206918329350e+04
