100 1.81e+15 6.699795770965139008e-01
-3.582479381502847610e-13
1.346676675666663884e-11
1.261968967760756423e-11
-3.811193448310188825e-17
6.313632042584418402e-16
-9.967875782273214987e-11
-3.419805060391954486e-11
-8.296656106890362563e-11
-1.936481920242391689e-13
-3.335831462833451096e-13
-7.789016316577355959e-13
2.214555714088266501e-12
3.785205823634014814e+05
1.393831135876760958e-14
-7.837767498751904688e+13
-2.002225272497973492e+04
4.062507921935441441e-10
6.500589435243002372e+05
-2.007524166109210029e+01
-3.323436444963364629e+05
5.755601118932939426e+04
-3.057798194456751162e-02
-2.880183834872987747e+09
-6.711058448219498623e-03
-9.351693652002157251e+03
-5.178130602604592584e-18
5.234100257932931527e+03
-6.371499297431702812e-16
1.617628340672389697e+00
-4.563126043969106516e-11
9.447726773677481108e-13
1.857510266132332617e+03
-1.005313192282148150e-16
-6.057214040930845478e+00
1.437763663679063611e+05
-7.253224229250637814e+06
-1.119923573737788041e-11
-3.337209155552941374e+05
-1.423563104888714850e+07
-3.325247879015035823e-01
-1.462801862438136192e-14
2.297741166744526328e-17
1.632293066059298813e+06
-5.815069699765148317e-16
-8.287529370032931103e-17
1.917526826902942946e-03
-1.949298276173291455e+01
-2.484423991128169596e+08
1.472635416859607608e-14
-5.029177084527856875e+14
5.755443857042068750e+14
-6.462505454420995932e+01
1.289791479180766771e+02
-5.434460535602354722e-17
-1.249528743801993015e-08
2.942893275535183984e+13
-7.167122247468941346e-17
1.382343504464928160e-07
5.743899239094955435e-13
-1.893745941794897760e+02
8.146642826369336035e+03
1.835533456191125218e-06
1.125629333341027248e-10
-9.504154928442582703e+10
-1.299259523711830078e+13
2.179477229433479835e+01
8.154605540003136557e-14
1.744765388648068417e-11
-5.564776742029444723e-01
2.731955279179089426e-11
1.526533407855467988e-06
3.094324759927980602e+06
5.389314486964835358e+10
2.681854560719303788e-06
-1.795858597366688773e+06
5.103503079464573719e-11
-4.140219039690149041e-13
-4.895887982918253986e-18
3.601746890527758538e+00
-2.947022589234212546e+02
-8.326528921336024723e+03
-4.716847725648979827e-15
1.240817234521399914e+00
1.283668573922873242e+06
-4.617135440023373121e+03
-5.881026417673115619e+06
9.706839236969244666e+00
1.390466419534395470e+01
8.947551318749537817e-04
-1.368053811524450047e+01
-5.963344433384300210e+05
-7.074391430596460600e-12
2.809567682760675048e-04
-1.083837161143943164e+13
-7.434723798952880998e+02
1.973320488612416077e+11
-6.417440542791405917e-16
-5.303317833037723972e-02
2.728390507694352709e+04
1.969557589146994487e-15
