100 1.60e+13 -7.704992274289307330e-01
6.679414422991924309e-11
-2.331701452917881105e-12
3.031509052586634298e-12
4.756108307849226157e-16
-1.133958629986927076e-14
-4.514198676527165402e-16
-7.164165734112944595e-06
6.042863260013817383e+12
-5.332814264604458731e+04
1.824642554134177974e+00
-1.422273817730995417e+09
-1.418358896437699732e+05
-1.164365555035331090e+04
1.192574521553654671e+09
1.277382124670364529e-06
5.118605456461059333e-15
-1.442847474752192242e-17
-5.610939613507846571e-13
3.415918510639961131e-08
4.452666877807764934e-04
-2.524684475958008079e+03
1.241366552939181970e-07
-9.869037614603150688e-12
-4.049364715239859581e+09
-5.874783268584470934e-15
-3.831551214550477805e-13
-1.200682389163841343e-14
3.208293512939264297e+09
-2.232656244050672534e-01
1.207130770291958299e+01
-1.946245628931677629e+01
-6.814984872519515457e-14
2.239247653010052524e-12
4.111268359423931707e-17
7.913174264054773331e+09
2.164682031568925709e+02
1.668201771021471941e+05
-5.881978715695097812e-11
1.993719839056714554e+05
1.444009832961924603e-15
-2.877255384232758731e+07
8.138726727352262497e+09
1.028967424891404335e+03
-2.576896822086654777e-14
5.278971256913443000e+01
-2.232644750566387870e+01
-7.986305552203727323e-15
6.735002945401471871e-17
2.362046659283671968e+00
-1.812480664319825405e-10
-7.713425486232144976e+02
1.745576760465653206e+04
2.443449693743345328e+06
-7.026205064489708832e-12
-1.069542312472570920e+05
-6.073223188404875977e+12
8.759195964206385220e-14
-4.084734340851685414e-18
-2.051608427426544168e+01
2.040820026674132315e+00
-7.734717437894984681e-16
3.708541682953578129e+04
4.065728200731033168e-07
-1.337606571555630897e+00
-1.952260345677078163e-17
8.572015786829957581e+10
-1.823668095170203367e-19
2.823695977462005061e-11
3.282282139481283951e+10
-1.015969945666362535e-13
7.620259212841541510e-17
-8.330541999431606826e+01
-4.344465057579214762e-14
-6.967684106460862225e-17
1.534870066526726077e+03
-1.064628514891741332e+06
2.590866269579953154e-02
-2.122446230485659271e+02
2.258750983633140640e+04
5.918605289099315109e-16
-2.804798283939841785e+05
-1.223083542759037526e-12
-1.243460086320210715e-12
-8.447469222981143275e+02
1.375477684212348349e-06
-1.309059881650025545e+03
2.172733769075672959e-14
-2.757975929012673522e+00
-4.160196840594095748e-08
-1.532663792346643660e-09
3.135460548294951612e-04
-2.686951964086941591e-01
-2.127249005367058089e+03
3.472744618449151063e-13
4.360439948916983121e+04
-3.294584211909544189e+06
1.114628873285538735e-07
4.862650855423924440e+03
-5.945247584447720844e-08
-1.031333855069316559e+11
